# This file was produced by samtools stats (1.11+htslib-1.11) and can be plotted using plot-bamstats
# This file contains statistics for all reads.
# The command line was:  stats /home/data/t020329/ngs/new_meth/results/05_sorting_deduplication/PEsample_wgbs.bwameth.sorted.markdup.bam
# CHK, Checksum	[2]Read Names	[3]Sequences	[4]Qualities
# CHK, CRC32 of reads which passed filtering followed by addition (32bit overflow)
CHK	5573c9ce	72c6c00c	42823f89
# Summary Numbers. Use `grep ^SN | cut -f 2-` to extract this part.
SN	raw total sequences:	2826
SN	filtered sequences:	0
SN	sequences:	2826
SN	is sorted:	1
SN	1st fragments:	1413
SN	last fragments:	1413
SN	reads mapped:	1175
SN	reads mapped and paired:	1170	# paired-end technology bit set + both mates mapped
SN	reads unmapped:	1651
SN	reads properly paired:	1120	# proper-pair bit set
SN	reads paired:	2826	# paired-end technology bit set
SN	reads duplicated:	216	# PCR or optical duplicate bit set
SN	reads MQ0:	0	# mapped and MQ=0
SN	reads QC failed:	56
SN	non-primary alignments:	0
SN	total length:	378015	# ignores clipping
SN	total first fragment length:	189440	# ignores clipping
SN	total last fragment length:	188575	# ignores clipping
SN	bases mapped:	156562	# ignores clipping
SN	bases mapped (cigar):	149882	# more accurate
SN	bases trimmed:	0
SN	bases duplicated:	23318
SN	mismatches:	1041	# from NM fields
SN	error rate:	6.945464e-03	# mismatches / bases mapped (cigar)
SN	average length:	133
SN	average first fragment length:	134
SN	average last fragment length:	133
SN	maximum length:	151
SN	maximum first fragment length:	151
SN	maximum last fragment length:	151
SN	average quality:	35.6
SN	insert size average:	177.2
SN	insert size standard deviation:	70.2
SN	inward oriented pairs:	542
SN	outward oriented pairs:	43
SN	pairs with other orientation:	0
SN	pairs on different chromosomes:	0
SN	percentage of properly paired reads (%):	39.6
# First Fragment Qualities. Use `grep ^FFQ | cut -f 2-` to extract this part.
# Columns correspond to qualities and rows to cycles. First column is the cycle number.
FFQ	1	0	0	0	0	0	0	0	0	0	0	0	191	0	0	0	0	0	0	0	0	0	0	0	0	0	0	0	291	0	0	0	0	931	0	0	0	0	0	0	0	0	0	0	0
FFQ	2	0	0	0	0	0	0	0	0	0	0	0	155	0	0	0	0	0	0	0	0	0	0	0	0	0	0	0	266	0	0	0	0	977	0	0	0	0	15	0	0	0	0	0	0
FFQ	3	0	0	0	0	0	0	0	0	0	0	0	92	0	0	0	0	0	0	0	0	0	0	0	0	0	0	0	185	0	0	0	0	367	0	0	0	0	769	0	0	0	0	0	0
FFQ	4	0	0	0	0	0	0	0	0	0	0	0	36	0	0	0	0	0	0	0	0	0	0	0	0	0	0	0	100	0	0	0	0	249	0	0	0	0	1028	0	0	0	0	0	0
FFQ	5	0	0	0	0	0	0	0	0	0	0	0	32	0	0	0	0	0	0	0	0	0	0	0	0	0	0	0	76	0	0	0	0	215	0	0	0	0	1090	0	0	0	0	0	0
FFQ	6	0	0	0	0	0	0	0	0	0	0	0	22	0	0	0	0	0	0	0	0	0	0	0	0	0	0	0	62	0	0	0	0	178	0	0	0	0	398	0	0	0	0	753	0
FFQ	7	0	0	0	0	0	0	0	0	0	0	0	17	0	0	0	0	0	0	0	0	0	0	0	0	0	0	0	48	0	0	0	0	154	0	0	0	0	388	0	0	0	0	806	0
FFQ	8	0	0	0	0	0	0	0	0	0	0	0	23	0	0	0	0	0	0	0	0	0	0	0	0	0	0	0	63	0	0	0	0	153	0	0	0	0	358	0	0	0	0	816	0
FFQ	9	0	0	0	0	0	0	0	0	0	0	0	21	0	0	0	0	0	0	0	0	0	0	0	0	0	0	0	45	0	0	0	0	152	0	0	0	0	358	0	0	0	0	837	0
FFQ	10	0	0	0	0	0	0	0	0	0	0	0	33	0	0	0	0	0	0	0	0	0	0	0	0	0	0	0	54	0	0	0	0	163	0	0	0	0	352	0	0	0	0	811	0
FFQ	11	0	0	0	0	0	0	0	0	0	0	0	23	0	0	0	0	0	0	0	0	0	0	0	0	0	0	0	47	0	0	0	0	137	0	0	0	0	382	0	0	0	0	824	0
FFQ	12	0	0	0	0	0	0	0	0	0	0	0	22	0	0	0	0	0	0	0	0	0	0	0	0	0	0	0	47	0	0	0	0	131	0	0	0	0	355	0	0	0	0	858	0
FFQ	13	0	0	0	0	0	0	0	0	0	0	0	32	0	0	0	0	0	0	0	0	0	0	0	0	0	0	0	59	0	0	0	0	155	0	0	0	0	343	0	0	0	0	824	0
FFQ	14	0	0	0	0	0	0	0	0	0	0	0	21	0	0	0	0	0	0	0	0	0	0	0	0	0	0	0	45	0	0	0	0	136	0	0	0	0	376	0	0	0	0	835	0
FFQ	15	0	0	0	0	0	0	0	0	0	0	0	29	0	0	0	0	0	0	0	0	0	0	0	0	0	0	0	67	0	0	0	0	160	0	0	0	0	388	0	0	0	0	769	0
FFQ	16	0	0	0	0	0	0	0	0	0	0	0	25	0	0	0	0	0	0	0	0	0	0	1	0	0	0	0	55	0	0	0	0	167	0	0	0	0	328	0	0	0	0	837	0
FFQ	17	0	0	0	0	0	0	0	0	0	0	0	22	0	0	0	0	0	0	0	0	0	0	0	0	0	0	0	71	0	0	0	0	155	0	0	0	0	353	0	0	0	0	812	0
FFQ	18	0	0	0	0	0	0	0	0	0	0	0	31	0	0	0	0	0	0	0	0	0	0	0	0	0	0	0	76	0	0	0	0	179	0	0	0	0	364	0	0	0	0	763	0
FFQ	19	0	0	0	0	0	0	0	0	0	0	0	21	0	0	0	0	0	0	0	0	0	0	0	0	0	0	0	46	0	0	0	0	148	0	0	0	0	370	0	0	0	0	828	0
FFQ	20	0	0	0	0	0	0	0	0	0	0	0	37	0	0	0	0	0	0	0	0	0	0	0	0	0	0	0	88	0	0	0	0	196	0	0	0	0	383	0	0	0	0	709	0
FFQ	21	0	0	0	0	0	0	0	0	0	0	0	21	0	0	0	0	0	0	0	0	0	0	0	0	0	0	0	67	0	0	0	0	184	0	0	0	0	394	0	0	0	0	747	0
FFQ	22	0	0	0	0	0	0	0	0	0	0	0	20	0	0	0	0	0	0	0	0	0	0	0	0	0	0	0	68	0	0	0	0	182	0	0	0	0	360	0	0	0	0	783	0
FFQ	23	0	0	0	0	0	0	0	0	0	0	0	27	0	0	0	0	0	0	0	0	0	0	1	0	0	0	0	74	0	0	0	0	159	0	0	0	0	388	0	0	0	0	764	0
FFQ	24	0	0	0	0	0	0	0	0	0	0	0	24	0	0	0	0	0	0	0	0	0	0	0	0	0	0	0	76	0	0	0	0	184	0	0	0	0	343	0	0	0	0	786	0
FFQ	25	0	0	0	0	0	0	0	0	0	0	0	44	0	0	0	0	0	0	0	0	0	0	2	0	0	0	0	74	0	0	0	0	189	0	0	0	0	407	0	0	0	0	697	0
FFQ	26	0	0	0	0	0	0	0	0	0	0	0	41	0	0	0	0	0	0	0	0	0	0	0	0	0	0	0	81	0	0	0	0	144	0	0	0	0	402	0	0	0	0	745	0
FFQ	27	0	0	0	0	0	0	0	0	0	0	0	44	0	0	0	0	0	0	0	0	0	0	0	0	0	0	0	79	0	0	0	0	166	0	0	0	0	347	0	0	0	0	777	0
FFQ	28	0	0	0	0	0	0	0	0	0	0	0	36	0	0	0	0	0	0	0	0	0	0	1	0	0	0	0	64	0	0	0	0	167	0	0	0	0	359	0	0	0	0	786	0
FFQ	29	0	0	0	0	0	0	0	0	0	0	0	38	0	0	0	0	0	0	0	0	0	0	0	0	0	0	0	78	0	0	0	0	164	0	0	0	0	365	0	0	0	0	768	0
FFQ	30	0	0	0	0	0	0	0	0	0	0	0	48	0	0	0	0	0	0	0	0	0	0	0	0	0	0	0	90	0	0	0	0	173	0	0	0	0	381	0	0	0	0	721	0
FFQ	31	0	0	0	0	0	0	0	0	0	0	0	30	0	0	0	0	0	0	0	0	0	0	0	0	0	0	0	85	0	0	0	0	166	0	0	0	0	377	0	0	0	0	755	0
FFQ	32	0	0	0	0	0	0	0	0	0	0	0	32	0	0	0	0	0	0	0	0	0	0	0	0	0	0	0	82	0	0	0	0	202	0	0	0	0	366	0	0	0	0	730	0
FFQ	33	0	0	0	0	0	0	0	0	0	0	0	49	0	0	0	0	0	0	0	0	0	0	0	0	0	0	0	68	0	0	0	0	166	0	0	0	0	360	0	0	0	0	769	0
FFQ	34	0	0	0	0	0	0	0	0	0	0	0	48	0	0	0	0	0	0	0	0	0	0	0	0	0	0	0	77	0	0	0	0	190	0	0	0	0	363	0	0	0	0	734	0
FFQ	35	0	0	0	0	0	0	0	0	0	0	0	36	0	0	0	0	0	0	0	0	0	0	0	0	0	0	0	98	0	0	0	0	178	0	0	0	0	374	0	0	0	0	725	0
FFQ	36	0	0	0	0	0	0	0	0	0	0	0	62	0	0	0	0	0	0	0	0	0	0	0	0	0	0	0	101	0	0	0	0	175	0	0	0	0	375	0	0	0	0	698	0
FFQ	37	0	0	0	0	0	0	0	0	0	0	0	43	0	0	0	0	0	0	0	0	0	0	0	0	0	0	0	88	0	0	0	0	158	0	0	0	0	390	0	0	0	0	732	0
FFQ	38	0	0	0	0	0	0	0	0	0	0	0	43	0	0	0	0	0	0	0	0	0	0	1	0	0	0	0	92	0	0	0	0	173	0	0	0	0	379	0	0	0	0	721	0
FFQ	39	0	0	0	0	0	0	0	0	0	0	0	44	0	0	0	0	0	0	0	0	0	0	1	0	0	0	0	89	0	0	0	0	166	0	0	0	0	394	0	0	0	0	715	0
FFQ	40	0	0	0	0	0	0	0	0	0	0	0	49	0	0	0	0	0	0	0	0	0	0	0	0	0	0	0	109	0	0	0	0	190	0	0	0	0	343	0	0	0	0	711	0
FFQ	41	0	0	0	0	0	0	0	0	0	0	0	61	0	0	0	0	0	0	0	0	0	0	1	0	0	0	0	107	0	0	0	0	221	0	0	0	0	366	0	0	0	0	640	0
FFQ	42	0	0	0	0	0	0	0	0	0	0	0	41	0	0	0	0	0	0	0	0	0	0	5	0	0	0	0	104	0	0	0	0	194	0	0	0	0	352	0	0	0	0	699	0
FFQ	43	0	0	0	0	0	0	0	0	0	0	0	51	0	0	0	0	0	0	0	0	0	0	10	0	0	0	0	101	0	0	0	0	201	0	0	0	0	371	0	0	0	0	660	0
FFQ	44	0	0	0	0	0	0	0	0	0	0	0	49	0	0	0	0	0	0	0	0	0	0	7	0	0	0	0	80	0	0	0	0	204	0	0	0	0	342	0	0	0	0	709	0
FFQ	45	0	0	0	0	0	0	0	0	0	0	0	48	0	0	0	0	0	0	0	0	0	0	17	0	0	0	0	80	0	0	0	0	157	0	0	0	0	351	0	0	0	0	738	0
FFQ	46	0	0	0	0	0	0	0	1	0	0	0	54	0	0	0	0	0	0	0	0	0	0	6	0	0	0	0	100	0	0	0	0	193	0	0	0	0	338	0	0	0	0	697	0
FFQ	47	0	0	0	0	0	0	0	0	0	0	0	45	0	0	0	0	0	0	0	0	0	0	4	0	0	0	0	102	0	0	0	0	191	0	0	0	0	346	0	0	0	0	696	0
FFQ	48	0	0	0	0	0	0	0	0	0	0	0	69	0	0	0	0	0	0	0	0	0	0	6	0	0	0	0	105	0	0	0	0	218	0	0	0	0	362	0	0	0	0	624	0
FFQ	49	0	0	0	0	0	0	0	0	0	0	0	50	0	0	0	0	0	0	0	0	0	0	30	0	0	0	0	84	0	0	0	0	178	0	0	0	0	355	0	0	0	0	686	0
FFQ	50	0	0	0	0	0	0	0	1	0	0	0	55	0	0	0	0	0	0	0	0	0	0	51	0	0	0	0	69	0	0	0	0	211	0	0	0	0	313	0	0	0	0	683	0
FFQ	51	0	0	0	0	0	0	0	0	0	0	0	52	0	0	0	0	0	0	0	0	0	0	63	0	0	0	0	75	0	0	0	0	173	0	0	0	0	319	0	0	0	0	699	0
FFQ	52	0	0	0	0	0	0	0	2	0	0	0	51	0	0	0	0	0	0	0	0	0	0	73	0	0	0	0	62	0	0	0	0	170	0	0	0	0	328	0	0	0	0	690	0
FFQ	53	0	0	0	0	0	0	0	0	0	0	0	66	0	0	0	0	0	0	0	0	0	0	82	0	0	0	0	69	0	0	0	0	200	0	0	0	0	304	0	0	0	0	641	0
FFQ	54	0	0	0	0	0	0	0	0	0	0	0	57	0	0	0	0	0	0	0	0	0	0	85	0	0	0	0	50	0	0	0	0	169	0	0	0	0	327	0	0	0	0	670	0
FFQ	55	0	0	0	0	0	0	0	0	0	0	0	63	0	0	0	0	0	0	0	0	0	0	76	0	0	0	0	56	0	0	0	0	188	0	0	0	0	322	0	0	0	0	653	0
FFQ	56	0	0	0	0	0	0	0	0	0	0	0	58	0	0	0	0	0	0	0	0	0	0	86	0	0	0	0	60	0	0	0	0	194	0	0	0	0	339	0	0	0	0	618	0
FFQ	57	0	0	0	0	0	0	0	3	0	0	0	58	0	0	0	0	0	0	0	0	0	0	80	0	0	0	0	62	0	0	0	0	180	0	0	0	0	326	0	0	0	0	646	0
FFQ	58	0	0	0	0	0	0	0	2	0	0	0	77	0	0	0	0	0	0	0	0	0	0	90	0	0	0	0	78	0	0	0	0	172	0	0	0	0	280	0	0	0	0	639	0
FFQ	59	0	0	0	0	0	0	0	1	0	0	0	58	0	0	0	0	0	0	0	0	0	0	98	0	0	0	0	79	0	0	0	0	178	0	0	0	0	299	0	0	0	0	620	0
FFQ	60	0	0	0	0	0	0	0	1	0	0	0	65	0	0	0	0	0	0	0	0	0	0	69	0	0	0	0	70	0	0	0	0	172	0	0	0	0	313	0	0	0	0	641	0
FFQ	61	0	0	0	0	0	0	0	3	0	0	0	72	0	0	0	0	0	0	0	0	0	0	99	0	0	0	0	79	0	0	0	0	178	0	0	0	0	289	0	0	0	0	599	0
FFQ	62	0	0	0	0	0	0	0	3	0	0	0	89	0	0	0	0	0	0	0	0	0	0	93	0	0	0	0	71	0	0	0	0	187	0	0	0	0	301	0	0	0	0	572	0
FFQ	63	0	0	0	0	0	0	0	3	0	0	0	87	0	0	0	0	0	0	0	0	0	0	87	0	0	0	0	66	0	0	0	0	187	0	0	0	0	291	0	0	0	0	590	0
FFQ	64	0	0	0	0	0	0	0	3	0	0	0	79	0	0	0	0	0	0	0	0	0	0	94	0	0	0	0	72	0	0	0	0	160	0	0	0	0	298	0	0	0	0	601	0
FFQ	65	0	0	0	0	0	0	0	3	0	0	0	60	0	0	0	0	0	0	0	0	0	0	93	0	0	0	0	85	0	0	0	0	192	0	0	0	0	274	0	0	0	0	600	0
FFQ	66	0	0	0	0	0	0	0	1	0	0	0	74	0	0	0	0	0	0	0	0	0	0	95	0	0	0	0	71	0	0	0	0	200	0	0	0	0	309	0	0	0	0	555	0
FFQ	67	0	0	0	0	0	0	0	0	0	0	0	74	0	0	0	0	0	0	0	0	0	0	98	0	0	0	0	61	0	0	0	0	201	0	0	0	0	322	0	0	0	0	544	0
FFQ	68	0	0	0	0	0	0	0	3	0	0	0	74	0	0	0	0	0	0	0	0	0	0	91	0	0	0	0	74	0	0	0	0	188	0	0	0	0	312	0	0	0	0	554	0
FFQ	69	0	0	0	0	0	0	0	2	0	0	0	63	0	0	0	0	0	0	0	0	0	0	97	0	0	0	0	77	0	0	0	0	191	0	0	0	0	291	0	0	0	0	573	0
FFQ	70	0	0	0	0	0	0	0	3	0	0	0	67	0	0	0	0	0	0	0	0	0	0	95	0	0	0	0	76	0	0	0	0	191	0	0	0	0	314	0	0	0	0	541	0
FFQ	71	0	0	0	0	0	0	0	2	0	0	0	83	0	0	0	0	0	0	0	0	0	0	93	0	0	0	0	83	0	0	0	0	181	0	0	0	0	293	0	0	0	0	547	0
FFQ	72	0	0	0	0	0	0	0	0	0	0	0	79	0	0	0	0	0	0	0	0	0	0	91	0	0	0	0	75	0	0	0	0	157	0	0	0	0	325	0	0	0	0	553	0
FFQ	73	0	0	0	0	0	0	0	3	0	0	0	74	0	0	0	0	0	0	0	0	0	0	91	0	0	0	0	66	0	0	0	0	200	0	0	0	0	298	0	0	0	0	544	0
FFQ	74	0	0	0	0	0	0	0	2	0	0	0	83	0	0	0	0	0	0	0	0	0	0	97	0	0	0	0	62	0	0	0	0	180	0	0	0	0	275	0	0	0	0	571	0
FFQ	75	0	0	0	0	0	0	0	0	0	0	0	82	0	0	0	0	0	0	0	0	0	0	92	0	0	0	0	81	0	0	0	0	197	0	0	0	0	289	0	0	0	0	523	0
FFQ	76	0	0	0	0	0	0	0	1	0	0	0	59	0	0	0	0	0	0	0	0	0	0	88	0	0	0	0	100	0	0	0	0	186	0	0	0	0	350	0	0	0	0	480	0
FFQ	77	0	0	0	0	0	0	0	2	0	0	0	55	0	0	0	0	0	0	0	0	0	0	76	0	0	0	0	82	0	0	0	0	194	0	0	0	0	316	0	0	0	0	535	0
FFQ	78	0	0	0	0	0	0	0	1	0	0	0	63	0	0	0	0	0	0	0	0	0	0	71	0	0	0	0	65	0	0	0	0	154	0	0	0	0	329	0	0	0	0	576	0
FFQ	79	0	0	0	0	0	0	0	2	0	0	0	62	0	0	0	0	0	0	0	0	0	0	84	0	0	0	0	65	0	0	0	0	154	0	0	0	0	286	0	0	0	0	605	0
FFQ	80	0	0	0	0	0	0	0	1	0	0	0	52	0	0	0	0	0	0	0	0	0	0	78	0	0	0	0	59	0	0	0	0	151	0	0	0	0	309	0	0	0	0	601	0
FFQ	81	0	0	0	0	0	0	0	2	0	0	0	60	0	0	0	0	0	0	0	0	0	0	89	0	0	0	0	64	0	0	0	0	148	0	0	0	0	284	0	0	0	0	603	0
FFQ	82	0	0	0	0	0	0	0	0	0	0	0	55	0	0	0	0	0	0	0	0	0	0	78	0	0	0	0	76	0	0	0	0	136	0	0	0	0	282	0	0	0	0	618	0
FFQ	83	0	0	0	0	0	0	0	3	0	0	0	52	0	0	0	0	0	0	0	0	0	0	66	0	0	0	0	62	0	0	0	0	141	0	0	0	0	292	0	0	0	0	621	0
FFQ	84	0	0	0	0	0	0	0	0	0	0	0	75	0	0	0	0	0	0	0	0	0	0	72	0	0	0	0	57	0	0	0	0	138	0	0	0	0	303	0	0	0	0	592	0
FFQ	85	0	0	0	0	0	0	0	3	0	0	0	48	0	0	0	0	0	0	0	0	0	0	77	0	0	0	0	60	0	0	0	0	172	0	0	0	0	268	0	0	0	0	609	0
FFQ	86	0	0	0	0	0	0	0	2	0	0	0	57	0	0	0	0	0	0	0	0	0	0	65	0	0	0	0	57	0	0	0	0	142	0	0	0	0	279	0	0	0	0	633	0
FFQ	87	0	0	0	0	0	0	0	1	0	0	0	58	0	0	0	0	0	0	0	0	0	0	64	0	0	0	0	64	0	0	0	0	156	0	0	0	0	262	0	0	0	0	627	0
FFQ	88	0	0	0	0	0	0	0	0	0	0	0	63	0	0	0	0	0	0	0	0	0	0	79	0	0	0	0	35	0	0	0	0	154	0	0	0	0	287	0	0	0	0	610	0
FFQ	89	0	0	0	0	0	0	0	0	0	0	0	59	0	0	0	0	0	0	0	0	0	0	61	0	0	0	0	60	0	0	0	0	171	0	0	0	0	274	0	0	0	0	600	0
FFQ	90	0	0	0	0	0	0	0	2	0	0	0	77	0	0	0	0	0	0	0	0	0	0	62	0	0	0	0	55	0	0	0	0	140	0	0	0	0	282	0	0	0	0	601	0
FFQ	91	0	0	0	0	0	0	0	0	0	0	0	78	0	0	0	0	0	0	0	0	0	0	79	0	0	0	0	59	0	0	0	0	154	0	0	0	0	277	0	0	0	0	571	0
FFQ	92	0	0	0	0	0	0	0	2	0	0	0	67	0	0	0	0	0	0	0	0	0	0	67	0	0	0	0	65	0	0	0	0	137	0	0	0	0	300	0	0	0	0	580	0
FFQ	93	0	0	0	0	0	0	0	2	0	0	0	96	0	0	0	0	0	0	0	0	0	0	75	0	0	0	0	61	0	0	0	0	159	0	0	0	0	270	0	0	0	0	550	0
FFQ	94	0	0	0	0	0	0	0	2	0	0	0	69	0	0	0	0	0	0	0	0	0	0	67	0	0	0	0	72	0	0	0	0	174	0	0	0	0	284	0	0	0	0	541	0
FFQ	95	0	0	0	0	0	0	0	5	0	0	0	81	0	0	0	0	0	0	0	0	0	0	69	0	0	0	0	54	0	0	0	0	176	0	0	0	0	303	0	0	0	0	518	0
FFQ	96	0	0	0	0	0	0	0	5	0	0	0	81	0	0	0	0	0	0	0	0	0	0	56	0	0	0	0	62	0	0	0	0	165	0	0	0	0	300	0	0	0	0	536	0
FFQ	97	0	0	0	0	0	0	0	1	0	0	0	86	0	0	0	0	0	0	0	0	0	0	61	0	0	0	0	65	0	0	0	0	169	0	0	0	0	289	0	0	0	0	531	0
FFQ	98	0	0	0	0	0	0	0	2	0	0	0	83	0	0	0	0	0	0	0	0	0	0	63	0	0	0	0	61	0	0	0	0	144	0	0	0	0	284	0	0	0	0	559	0
FFQ	99	0	0	0	0	0	0	0	3	0	0	0	75	0	0	0	0	0	0	0	0	0	0	51	0	0	0	0	58	0	0	0	0	154	0	0	0	0	304	0	0	0	0	548	0
FFQ	100	0	0	0	0	0	0	0	2	0	0	0	80	0	0	0	0	0	0	0	0	0	0	53	0	0	0	0	59	0	0	0	0	145	0	0	0	0	293	0	0	0	0	560	0
FFQ	101	0	0	0	0	0	0	0	2	0	0	0	92	0	0	0	0	0	0	0	0	0	0	50	0	0	0	0	57	0	0	0	0	143	0	0	0	0	289	0	0	0	0	555	0
FFQ	102	0	0	0	0	0	0	0	1	0	0	0	89	0	0	0	0	0	0	0	0	0	0	56	0	0	0	0	60	0	0	0	0	173	0	0	0	0	287	0	0	0	0	517	0
FFQ	103	0	0	0	0	0	0	0	2	0	0	0	84	0	0	0	0	0	0	0	0	0	0	62	0	0	0	0	48	0	0	0	0	164	0	0	0	0	285	0	0	0	0	536	0
FFQ	104	0	0	0	0	0	0	0	3	0	0	0	79	0	0	0	0	0	0	0	0	0	0	61	0	0	0	0	62	0	0	0	0	168	0	0	0	0	265	0	0	0	0	539	0
FFQ	105	0	0	0	0	0	0	0	2	0	0	0	79	0	0	0	0	0	0	0	0	0	0	62	0	0	0	0	65	0	0	0	0	185	0	0	0	0	256	0	0	0	0	528	0
FFQ	106	0	0	0	0	0	0	0	1	0	0	0	90	0	0	0	0	0	0	0	0	0	0	64	0	0	0	0	63	0	0	0	0	158	0	0	0	0	263	0	0	0	0	532	0
FFQ	107	0	0	0	0	0	0	0	2	0	0	0	83	0	0	0	0	0	0	0	0	0	0	74	0	0	0	0	73	0	0	0	0	159	0	0	0	0	277	0	0	0	0	498	0
FFQ	108	0	0	0	0	0	0	0	3	0	0	0	93	0	0	0	0	0	0	0	0	0	0	60	0	0	0	0	80	0	0	0	0	152	0	0	0	0	274	0	0	0	0	501	0
FFQ	109	0	0	0	0	0	0	0	2	0	0	0	94	0	0	0	0	0	0	0	0	0	0	80	0	0	0	0	75	0	0	0	0	151	0	0	0	0	253	0	0	0	0	502	0
FFQ	110	0	0	0	0	0	0	0	2	0	0	0	93	0	0	0	0	0	0	0	0	0	0	64	0	0	0	0	62	0	0	0	0	153	0	0	0	0	293	0	0	0	0	488	0
FFQ	111	0	0	0	0	0	0	0	4	0	0	0	82	0	0	0	0	0	0	0	0	0	0	68	0	0	0	0	64	0	0	0	0	159	0	0	0	0	281	0	0	0	0	495	0
FFQ	112	0	0	0	0	0	0	0	2	0	0	0	93	0	0	0	0	0	0	0	0	0	0	84	0	0	0	0	66	0	0	0	0	148	0	0	0	0	292	0	0	0	0	468	0
FFQ	113	0	0	0	0	0	0	0	4	0	0	0	103	0	0	0	0	0	0	0	0	0	0	74	0	0	0	0	72	0	0	0	0	164	0	0	0	0	277	0	0	0	0	459	0
FFQ	114	0	0	0	0	0	0	0	1	0	0	0	80	0	0	0	0	0	0	0	0	0	0	84	0	0	0	0	63	0	0	0	0	169	0	0	0	0	291	0	0	0	0	459	0
FFQ	115	0	0	0	0	0	0	0	3	0	0	0	92	0	0	0	0	0	0	0	0	0	0	81	0	0	0	0	67	0	0	0	0	134	0	0	0	0	254	0	0	0	0	515	0
FFQ	116	0	0	0	0	0	0	0	1	0	0	0	74	0	0	0	0	0	0	0	0	0	0	78	0	0	0	0	66	0	0	0	0	157	0	0	0	0	278	0	0	0	0	488	0
FFQ	117	0	0	0	0	0	0	0	2	0	0	0	91	0	0	0	0	0	0	0	0	0	0	70	0	0	0	0	77	0	0	0	0	162	0	0	0	0	273	0	0	0	0	461	0
FFQ	118	0	0	0	0	0	0	0	3	0	0	0	104	0	0	0	0	0	0	0	0	0	0	77	0	0	0	0	63	0	0	0	0	175	0	0	0	0	259	0	0	0	0	453	0
FFQ	119	0	0	0	0	0	0	0	2	0	0	0	104	0	0	0	0	0	0	0	0	0	0	74	0	0	0	0	63	0	0	0	0	168	0	0	0	0	267	0	0	0	0	455	0
FFQ	120	0	0	0	0	0	0	0	1	0	0	0	113	0	0	0	0	0	0	0	0	0	0	92	0	0	0	0	66	0	0	0	0	142	0	0	0	0	271	0	0	0	0	446	0
FFQ	121	0	0	0	0	0	0	0	6	0	0	0	109	0	0	0	0	0	0	0	0	0	0	86	0	0	0	0	58	0	0	0	0	169	0	0	0	0	265	0	0	0	0	436	0
FFQ	122	0	0	0	0	0	0	0	5	0	0	0	109	0	0	0	0	0	0	0	0	0	0	85	0	0	0	0	66	0	0	0	0	149	0	0	0	0	269	0	0	0	0	442	0
FFQ	123	0	0	0	0	0	0	0	5	0	0	0	101	0	0	0	0	0	0	0	0	0	0	71	0	0	0	0	72	0	0	0	0	170	0	0	0	0	277	0	0	0	0	428	0
FFQ	124	0	0	0	0	0	0	0	0	0	0	0	113	0	0	0	0	0	0	0	0	0	0	65	0	0	0	0	78	0	0	0	0	166	0	0	0	0	273	0	0	0	0	428	0
FFQ	125	0	0	0	0	0	0	0	4	0	0	0	120	0	0	0	0	0	0	0	0	0	0	48	0	0	0	0	66	0	0	0	0	159	0	0	0	0	285	0	0	0	0	440	0
FFQ	126	0	0	0	0	0	0	0	1	0	0	0	127	0	0	0	0	0	0	0	0	0	0	86	0	0	0	0	66	0	0	0	0	167	0	0	0	0	254	0	0	0	0	416	0
FFQ	127	0	0	0	0	0	0	0	3	0	0	0	117	0	0	0	0	0	0	0	0	0	0	69	0	0	0	0	82	0	0	0	0	165	0	0	0	0	271	0	0	0	0	408	0
FFQ	128	0	0	0	0	0	0	0	5	0	0	0	114	0	0	0	0	0	0	0	0	0	0	80	0	0	0	0	72	0	0	0	0	154	0	0	0	0	282	0	0	0	0	406	0
FFQ	129	0	0	0	0	0	0	0	6	0	0	0	112	0	0	0	0	0	0	0	0	0	0	78	0	0	0	0	69	0	0	0	0	168	0	0	0	0	266	0	0	0	0	408	0
FFQ	130	0	0	0	0	0	0	0	5	0	0	0	132	0	0	0	0	0	0	0	0	0	0	83	0	0	0	0	80	0	0	0	0	153	0	0	0	0	269	0	0	0	0	384	0
FFQ	131	0	0	0	0	0	0	0	5	0	0	0	127	0	0	0	0	0	0	0	0	0	0	75	0	0	0	0	81	0	0	0	0	168	0	0	0	0	255	0	0	0	0	393	0
FFQ	132	0	0	0	0	0	0	0	6	0	0	0	134	0	0	0	0	0	0	0	0	0	0	79	0	0	0	0	88	0	0	0	0	161	0	0	0	0	259	0	0	0	0	368	0
FFQ	133	0	0	0	0	0	0	0	3	0	0	0	135	0	0	0	0	0	0	0	0	0	0	86	0	0	0	0	68	0	0	0	0	186	0	0	0	0	248	0	0	0	0	366	0
FFQ	134	0	0	0	0	0	0	0	2	0	0	0	141	0	0	0	0	0	0	0	0	0	0	88	0	0	0	0	88	0	0	0	0	166	0	0	0	0	266	0	0	0	0	340	0
FFQ	135	0	0	0	0	0	0	0	2	0	0	0	145	0	0	0	0	0	0	0	0	0	0	81	0	0	0	0	69	0	0	0	0	153	0	0	0	0	265	0	0	0	0	375	0
FFQ	136	0	0	0	0	0	0	0	2	0	0	0	139	0	0	0	0	0	0	0	0	0	0	81	0	0	0	0	82	0	0	0	0	172	0	0	0	0	247	0	0	0	0	365	0
FFQ	137	0	0	0	0	0	0	0	2	0	0	0	147	0	0	0	0	0	0	0	0	0	0	76	0	0	0	0	76	0	0	0	0	157	0	0	0	0	275	0	0	0	0	351	0
FFQ	138	0	0	0	0	0	0	0	1	0	0	0	154	0	0	0	0	0	0	0	0	0	0	84	0	0	0	0	76	0	0	0	0	183	0	0	0	0	238	0	0	0	0	341	0
FFQ	139	0	0	0	0	0	0	0	5	0	0	0	132	0	0	0	0	0	0	0	0	0	0	82	0	0	0	0	76	0	0	0	0	193	0	0	0	0	283	0	0	0	0	300	0
FFQ	140	0	0	0	0	0	0	0	2	0	0	0	147	0	0	0	0	0	0	0	0	0	0	69	0	0	0	0	75	0	0	0	0	183	0	0	0	0	263	0	0	0	0	322	0
FFQ	141	0	0	0	0	0	0	0	3	0	0	0	142	0	0	0	0	0	0	0	0	0	0	77	0	0	0	0	83	0	0	0	0	180	0	0	0	0	249	0	0	0	0	321	0
FFQ	142	0	0	0	0	0	0	0	2	0	0	0	132	0	0	0	0	0	0	0	0	0	0	91	0	0	0	0	91	0	0	0	0	187	0	0	0	0	219	0	0	0	0	324	0
FFQ	143	0	0	0	0	0	0	0	3	0	0	0	140	0	0	0	0	0	0	0	0	0	0	71	0	0	0	0	92	0	0	0	0	179	0	0	0	0	231	0	0	0	0	325	0
FFQ	144	0	0	0	0	0	0	0	6	0	0	0	133	0	0	0	0	0	0	0	0	0	0	92	0	0	0	0	82	0	0	0	0	169	0	0	0	0	240	0	0	0	0	307	0
FFQ	145	0	0	0	0	0	0	0	4	0	0	0	154	0	0	0	0	0	0	0	0	0	0	75	0	0	0	0	84	0	0	0	0	174	0	0	0	0	231	0	0	0	0	295	0
FFQ	146	0	0	0	0	0	0	0	3	0	0	0	163	0	0	0	0	0	0	0	0	0	0	94	0	0	0	0	80	0	0	0	0	186	0	0	0	0	198	0	0	0	0	280	0
FFQ	147	0	0	0	0	0	0	0	1	0	0	0	146	0	0	0	0	0	0	0	0	0	0	93	0	0	0	0	88	0	0	0	0	193	0	0	0	0	200	0	0	0	0	253	0
FFQ	148	0	0	0	0	0	0	0	1	0	0	0	125	0	0	0	0	0	0	0	0	0	0	76	0	0	0	0	86	0	0	0	0	173	0	0	0	0	220	0	0	0	0	241	0
FFQ	149	0	0	0	0	0	0	0	1	0	0	0	118	0	0	0	0	0	0	0	0	0	0	67	0	0	0	0	75	0	0	0	0	173	0	0	0	0	183	0	0	0	0	251	0
FFQ	150	0	0	0	0	0	0	0	0	0	0	0	75	0	0	0	0	0	0	0	0	0	0	68	0	0	0	0	71	0	0	0	0	145	0	0	0	0	157	0	0	0	0	200	0
FFQ	151	0	0	0	0	0	0	0	0	0	0	0	0	0	0	0	0	0	0	0	0	0	0	55	0	0	0	0	62	0	0	0	0	126	0	0	0	0	146	0	0	0	0	167	0
# Last Fragment Qualities. Use `grep ^LFQ | cut -f 2-` to extract this part.
# Columns correspond to qualities and rows to cycles. First column is the cycle number.
LFQ	1	0	0	0	0	0	0	0	0	0	0	0	46	0	0	0	0	0	0	0	0	0	0	0	0	0	0	0	116	0	0	0	0	1251	0	0	0	0	0	0	0	0	0	0	0
LFQ	2	0	0	0	0	0	0	0	0	0	0	0	112	0	0	0	0	0	0	0	0	0	0	0	0	0	0	0	197	0	0	0	0	1055	0	0	0	0	49	0	0	0	0	0	0
LFQ	3	0	0	0	0	0	0	0	0	0	0	0	89	0	0	0	0	0	0	0	0	0	0	0	0	0	0	0	146	0	0	0	0	306	0	0	0	0	872	0	0	0	0	0	0
LFQ	4	0	0	0	0	0	0	0	0	0	0	0	53	0	0	0	0	0	0	0	0	0	0	0	0	0	0	0	92	0	0	0	0	229	0	0	0	0	1039	0	0	0	0	0	0
LFQ	5	0	0	0	0	0	0	0	0	0	0	0	44	0	0	0	0	0	0	0	0	0	0	0	0	0	0	0	50	0	0	0	0	178	0	0	0	0	1141	0	0	0	0	0	0
LFQ	6	0	0	0	0	0	0	0	0	0	0	0	64	0	0	0	0	0	0	0	0	0	0	2	0	0	0	0	90	0	0	0	0	218	0	0	0	0	353	0	0	0	0	686	0
LFQ	7	0	0	0	0	0	0	0	1	0	0	0	158	0	0	0	0	0	0	0	0	0	0	19	0	0	0	0	170	0	0	0	0	237	0	0	0	0	329	0	0	0	0	499	0
LFQ	8	0	0	0	0	0	0	0	0	0	0	0	69	0	0	0	0	0	0	0	0	0	0	34	0	0	0	0	108	0	0	0	0	186	0	0	0	0	434	0	0	0	0	582	0
LFQ	9	0	0	0	0	0	0	0	0	0	0	0	66	0	0	0	0	0	0	0	0	0	0	0	0	0	0	0	97	0	0	0	0	176	0	0	0	0	403	0	0	0	0	671	0
LFQ	10	0	0	0	0	0	0	0	0	0	0	0	69	0	0	0	0	0	0	0	0	0	0	13	0	0	0	0	109	0	0	0	0	195	0	0	0	0	386	0	0	0	0	641	0
LFQ	11	0	0	0	0	0	0	0	0	0	0	0	40	0	0	0	0	0	0	0	0	0	0	0	0	0	0	0	53	0	0	0	0	135	0	0	0	0	342	0	0	0	0	843	0
LFQ	12	0	0	0	0	0	0	0	0	0	0	0	41	0	0	0	0	0	0	0	0	0	0	0	0	0	0	0	68	0	0	0	0	158	0	0	0	0	319	0	0	0	0	827	0
LFQ	13	0	0	0	0	0	0	0	0	0	0	0	42	0	0	0	0	0	0	0	0	0	0	2	0	0	0	0	71	0	0	0	0	150	0	0	0	0	290	0	0	0	0	858	0
LFQ	14	0	0	0	0	0	0	0	0	0	0	0	75	0	0	0	0	0	0	0	0	0	0	7	0	0	0	0	126	0	0	0	0	232	0	0	0	0	348	0	0	0	0	625	0
LFQ	15	0	0	0	0	0	0	0	1	0	0	0	84	0	0	0	0	0	0	0	0	0	0	9	0	0	0	0	106	0	0	0	0	199	0	0	0	0	352	0	0	0	0	662	0
LFQ	16	0	0	0	0	0	0	0	0	0	0	0	51	0	0	0	0	0	0	0	0	0	0	2	0	0	0	0	94	0	0	0	0	177	0	0	0	0	392	0	0	0	0	697	0
LFQ	17	0	0	0	0	0	0	0	0	0	0	0	52	0	0	0	0	0	0	0	0	0	0	11	0	0	0	0	70	0	0	0	0	180	0	0	0	0	355	0	0	0	0	745	0
LFQ	18	0	0	0	0	0	0	0	0	0	0	0	26	0	0	0	0	0	0	0	0	0	0	0	0	0	0	0	55	0	0	0	0	114	0	0	0	0	296	0	0	0	0	922	0
LFQ	19	0	0	0	0	0	0	0	0	0	0	0	47	0	0	0	0	0	0	0	0	0	0	0	0	0	0	0	87	0	0	0	0	151	0	0	0	0	330	0	0	0	0	798	0
LFQ	20	0	0	0	0	0	0	0	0	0	0	0	76	0	0	0	0	0	0	0	0	0	0	0	0	0	0	0	107	0	0	0	0	155	0	0	0	0	336	0	0	0	0	739	0
LFQ	21	0	0	0	0	0	0	0	0	0	0	0	63	0	0	0	0	0	0	0	0	0	0	0	0	0	0	0	79	0	0	0	0	191	0	0	0	0	354	0	0	0	0	726	0
LFQ	22	0	0	0	0	0	0	0	0	0	0	0	31	0	0	0	0	0	0	0	0	0	0	0	0	0	0	0	41	0	0	0	0	116	0	0	0	0	317	0	0	0	0	908	0
LFQ	23	0	0	0	0	0	0	0	0	0	0	0	30	0	0	0	0	0	0	0	0	0	0	0	0	0	0	0	56	0	0	0	0	118	0	0	0	0	277	0	0	0	0	932	0
LFQ	24	0	0	0	0	0	0	0	0	0	0	0	97	0	0	0	0	0	0	0	0	0	0	0	0	0	0	0	136	0	0	0	0	196	0	0	0	0	315	0	0	0	0	669	0
LFQ	25	0	0	0	0	0	0	0	0	0	0	0	72	0	0	0	0	0	0	0	0	0	0	9	0	0	0	0	111	0	0	0	0	188	0	0	0	0	367	0	0	0	0	666	0
LFQ	26	0	0	0	0	0	0	0	0	0	0	0	155	0	0	0	0	0	0	0	0	0	0	0	0	0	0	0	154	0	0	0	0	248	0	0	0	0	337	0	0	0	0	519	0
LFQ	27	0	0	0	0	0	0	0	0	0	0	0	43	0	0	0	0	0	0	0	0	0	0	21	0	0	0	0	62	0	0	0	0	155	0	0	0	0	378	0	0	0	0	753	0
LFQ	28	0	0	0	0	0	0	0	0	0	0	0	138	0	0	0	0	0	0	0	0	0	0	0	0	0	0	0	188	0	0	0	0	233	0	0	0	0	326	0	0	0	0	527	0
LFQ	29	0	0	0	0	0	0	0	0	0	0	0	52	0	0	0	0	0	0	0	0	0	0	5	0	0	0	0	65	0	0	0	0	164	0	0	0	0	363	0	0	0	0	763	0
LFQ	30	0	0	0	0	0	0	0	0	0	0	0	48	0	0	0	0	0	0	0	0	0	0	15	0	0	0	0	74	0	0	0	0	164	0	0	0	0	335	0	0	0	0	776	0
LFQ	31	0	0	0	0	0	0	0	0	0	0	0	40	0	0	0	0	0	0	0	0	0	0	1	0	0	0	0	85	0	0	0	0	143	0	0	0	0	281	0	0	0	0	862	0
LFQ	32	0	0	0	0	0	0	0	0	0	0	0	62	0	0	0	0	0	0	0	0	0	0	2	0	0	0	0	73	0	0	0	0	171	0	0	0	0	299	0	0	0	0	805	0
LFQ	33	0	0	0	0	0	0	0	0	0	0	0	100	0	0	0	0	0	0	0	0	0	0	0	0	0	0	0	104	0	0	0	0	185	0	0	0	0	310	0	0	0	0	713	0
LFQ	34	0	0	0	0	0	0	0	0	0	0	0	58	0	0	0	0	0	0	0	0	0	0	4	0	0	0	0	90	0	0	0	0	149	0	0	0	0	305	0	0	0	0	806	0
LFQ	35	0	0	0	0	0	0	0	0	0	0	0	83	0	0	0	0	0	0	0	0	0	0	22	0	0	0	0	108	0	0	0	0	195	0	0	0	0	297	0	0	0	0	707	0
LFQ	36	0	0	0	0	0	0	0	0	0	0	0	92	0	0	0	0	0	0	0	0	0	0	2	0	0	0	0	130	0	0	0	0	198	0	0	0	0	354	0	0	0	0	635	0
LFQ	37	0	0	0	0	0	0	0	0	0	0	0	78	0	0	0	0	0	0	0	0	0	0	2	0	0	0	0	115	0	0	0	0	202	0	0	0	0	344	0	0	0	0	667	0
LFQ	38	0	0	0	0	0	0	0	0	0	0	0	65	0	0	0	0	0	0	0	0	0	0	4	0	0	0	0	88	0	0	0	0	190	0	0	0	0	338	0	0	0	0	723	0
LFQ	39	0	0	0	0	0	0	0	0	0	0	0	66	0	0	0	0	0	0	0	0	0	0	2	0	0	0	0	97	0	0	0	0	188	0	0	0	0	301	0	0	0	0	754	0
LFQ	40	0	0	0	0	0	0	0	0	0	0	0	30	0	0	0	0	0	0	0	0	0	0	3	0	0	0	0	55	0	0	0	0	120	0	0	0	0	347	0	0	0	0	848	0
LFQ	41	0	0	0	0	0	0	0	0	0	0	0	38	0	0	0	0	0	0	0	0	0	0	5	0	0	0	0	62	0	0	0	0	129	0	0	0	0	256	0	0	0	0	910	0
LFQ	42	0	0	0	0	0	0	0	0	0	0	0	55	0	0	0	0	0	0	0	0	0	0	61	0	0	0	0	48	0	0	0	0	152	0	0	0	0	261	0	0	0	0	821	0
LFQ	43	0	0	0	0	0	0	0	3	0	0	0	39	0	0	0	0	0	0	0	0	0	0	40	0	0	0	0	47	0	0	0	0	112	0	0	0	0	266	0	0	0	0	891	0
LFQ	44	0	0	0	0	0	0	0	0	0	0	0	38	0	0	0	0	0	0	0	0	0	0	39	0	0	0	0	41	0	0	0	0	123	0	0	0	0	257	0	0	0	0	900	0
LFQ	45	0	0	0	0	0	0	0	0	0	0	0	44	0	0	0	0	0	0	0	0	0	0	34	0	0	0	0	40	0	0	0	0	167	0	0	0	0	256	0	0	0	0	851	0
LFQ	46	0	0	0	0	0	0	0	1	0	0	0	57	0	0	0	0	0	0	0	0	0	0	55	0	0	0	0	48	0	0	0	0	131	0	0	0	0	290	0	0	0	0	801	0
LFQ	47	0	0	0	0	0	0	0	1	0	0	0	32	0	0	0	0	0	0	0	0	0	0	65	0	0	0	0	34	0	0	0	0	141	0	0	0	0	260	0	0	0	0	849	0
LFQ	48	0	0	0	0	0	0	0	0	0	0	0	73	0	0	0	0	0	0	0	0	0	0	96	0	0	0	0	53	0	0	0	0	127	0	0	0	0	245	0	0	0	0	787	0
LFQ	49	0	0	0	0	0	0	0	0	0	0	0	60	0	0	0	0	0	0	0	0	0	0	77	0	0	0	0	52	0	0	0	0	153	0	0	0	0	274	0	0	0	0	765	0
LFQ	50	0	0	0	0	0	0	0	1	0	0	0	60	0	0	0	0	0	0	0	0	0	0	72	0	0	0	0	57	0	0	0	0	129	0	0	0	0	289	0	0	0	0	773	0
LFQ	51	0	0	0	0	0	0	0	2	0	0	0	58	0	0	0	0	0	0	0	0	0	0	61	0	0	0	0	38	0	0	0	0	133	0	0	0	0	258	0	0	0	0	826	0
LFQ	52	0	0	0	0	0	0	0	3	0	0	0	77	0	0	0	0	0	0	0	0	0	0	74	0	0	0	0	64	0	0	0	0	142	0	0	0	0	274	0	0	0	0	733	0
LFQ	53	0	0	0	0	0	0	0	0	0	0	0	50	0	0	0	0	0	0	0	0	0	0	74	0	0	0	0	46	0	0	0	0	144	0	0	0	0	267	0	0	0	0	777	0
LFQ	54	0	0	0	0	0	0	0	0	0	0	0	71	0	0	0	0	0	0	0	0	0	0	104	0	0	0	0	59	0	0	0	0	142	0	0	0	0	276	0	0	0	0	706	0
LFQ	55	0	0	0	0	0	0	0	1	0	0	0	115	0	0	0	0	0	0	0	0	0	0	111	0	0	0	0	50	0	0	0	0	174	0	0	0	0	268	0	0	0	0	639	0
LFQ	56	0	0	0	0	0	0	0	1	0	0	0	81	0	0	0	0	0	0	0	0	0	0	84	0	0	0	0	40	0	0	0	0	147	0	0	0	0	283	0	0	0	0	721	0
LFQ	57	0	0	0	0	0	0	0	1	0	0	0	67	0	0	0	0	0	0	0	0	0	0	80	0	0	0	0	40	0	0	0	0	145	0	0	0	0	286	0	0	0	0	726	0
LFQ	58	0	0	0	0	0	0	0	0	0	0	0	87	0	0	0	0	0	0	0	0	0	0	88	0	0	0	0	62	0	0	0	0	130	0	0	0	0	293	0	0	0	0	685	0
LFQ	59	0	0	0	0	0	0	0	1	0	0	0	108	0	0	0	0	0	0	0	0	0	0	117	0	0	0	0	61	0	0	0	0	156	0	0	0	0	292	0	0	0	0	603	0
LFQ	60	0	0	0	0	0	0	0	0	0	0	0	115	0	0	0	0	0	0	0	0	0	0	114	0	0	0	0	62	0	0	0	0	133	0	0	0	0	302	0	0	0	0	599	0
LFQ	61	0	0	0	0	0	0	0	1	0	0	0	108	0	0	0	0	0	0	0	0	0	0	97	0	0	0	0	63	0	0	0	0	154	0	0	0	0	290	0	0	0	0	606	0
LFQ	62	0	0	0	0	0	0	0	0	0	0	0	102	0	0	0	0	0	0	0	0	0	0	97	0	0	0	0	59	0	0	0	0	152	0	0	0	0	300	0	0	0	0	603	0
LFQ	63	0	0	0	0	0	0	0	2	0	0	0	104	0	0	0	0	0	0	0	0	0	0	112	0	0	0	0	67	0	0	0	0	155	0	0	0	0	281	0	0	0	0	586	0
LFQ	64	0	0	0	0	0	0	0	1	0	0	0	96	0	0	0	0	0	0	0	0	0	0	118	0	0	0	0	60	0	0	0	0	132	0	0	0	0	305	0	0	0	0	595	0
LFQ	65	0	0	0	0	0	0	0	3	0	0	0	93	0	0	0	0	0	0	0	0	0	0	116	0	0	0	0	57	0	0	0	0	140	0	0	0	0	262	0	0	0	0	634	0
LFQ	66	0	0	0	0	0	0	0	3	0	0	0	67	0	0	0	0	0	0	0	0	0	0	110	0	0	0	0	65	0	0	0	0	138	0	0	0	0	278	0	0	0	0	641	0
LFQ	67	0	0	0	0	0	0	0	2	0	0	0	92	0	0	0	0	0	0	0	0	0	0	87	0	0	0	0	52	0	0	0	0	143	0	0	0	0	295	0	0	0	0	629	0
LFQ	68	0	0	0	0	0	0	0	4	0	0	0	82	0	0	0	0	0	0	0	0	0	0	111	0	0	0	0	58	0	0	0	0	137	0	0	0	0	251	0	0	0	0	652	0
LFQ	69	0	0	0	0	0	0	0	0	0	0	0	78	0	0	0	0	0	0	0	0	0	0	94	0	0	0	0	51	0	0	0	0	165	0	0	0	0	256	0	0	0	0	650	0
LFQ	70	0	0	0	0	0	0	0	3	0	0	0	75	0	0	0	0	0	0	0	0	0	0	114	0	0	0	0	51	0	0	0	0	143	0	0	0	0	281	0	0	0	0	616	0
LFQ	71	0	0	0	0	0	0	0	1	0	0	0	90	0	0	0	0	0	0	0	0	0	0	106	0	0	0	0	62	0	0	0	0	144	0	0	0	0	261	0	0	0	0	617	0
LFQ	72	0	0	0	0	0	0	0	1	0	0	0	86	0	0	0	0	0	0	0	0	0	0	122	0	0	0	0	47	0	0	0	0	149	0	0	0	0	259	0	0	0	0	613	0
LFQ	73	0	0	0	0	0	0	0	0	0	0	0	84	0	0	0	0	0	0	0	0	0	0	103	0	0	0	0	54	0	0	0	0	145	0	0	0	0	260	0	0	0	0	628	0
LFQ	74	0	0	0	0	0	0	0	2	0	0	0	103	0	0	0	0	0	0	0	0	0	0	87	0	0	0	0	61	0	0	0	0	127	0	0	0	0	263	0	0	0	0	622	0
LFQ	75	0	0	0	0	0	0	0	3	0	0	0	92	0	0	0	0	0	0	0	0	0	0	116	0	0	0	0	39	0	0	0	0	137	0	0	0	0	252	0	0	0	0	625	0
LFQ	76	0	0	0	0	0	0	0	1	0	0	0	113	0	0	0	0	0	0	0	0	0	0	86	0	0	0	0	72	0	0	0	0	178	0	0	0	0	325	0	0	0	0	489	0
LFQ	77	0	0	0	0	0	0	0	1	0	0	0	76	0	0	0	0	0	0	0	0	0	0	77	0	0	0	0	64	0	0	0	0	156	0	0	0	0	310	0	0	0	0	575	0
LFQ	78	0	0	0	0	0	0	0	0	0	0	0	69	0	0	0	0	0	0	0	0	0	0	60	0	0	0	0	42	0	0	0	0	135	0	0	0	0	273	0	0	0	0	680	0
LFQ	79	0	0	0	0	0	0	0	0	0	0	0	76	0	0	0	0	0	0	0	0	0	0	67	0	0	0	0	41	0	0	0	0	107	0	0	0	0	249	0	0	0	0	717	0
LFQ	80	0	0	0	0	0	0	0	1	0	0	0	53	0	0	0	0	0	0	0	0	0	0	58	0	0	0	0	32	0	0	0	0	136	0	0	0	0	251	0	0	0	0	720	0
LFQ	81	0	0	0	0	0	0	0	0	0	0	0	49	0	0	0	0	0	0	0	0	0	0	59	0	0	0	0	48	0	0	0	0	130	0	0	0	0	240	0	0	0	0	722	0
LFQ	82	0	0	0	0	0	0	0	0	0	0	0	60	0	0	0	0	0	0	0	0	0	0	60	0	0	0	0	33	0	0	0	0	129	0	0	0	0	239	0	0	0	0	721	0
LFQ	83	0	0	0	0	0	0	0	0	0	0	0	46	0	0	0	0	0	0	0	0	0	0	55	0	0	0	0	46	0	0	0	0	129	0	0	0	0	210	0	0	0	0	752	0
LFQ	84	0	0	0	0	0	0	0	0	0	0	0	53	0	0	0	0	0	0	0	0	0	0	63	0	0	0	0	39	0	0	0	0	114	0	0	0	0	225	0	0	0	0	744	0
LFQ	85	0	0	0	0	0	0	0	0	0	0	0	52	0	0	0	0	0	0	0	0	0	0	54	0	0	0	0	37	0	0	0	0	112	0	0	0	0	233	0	0	0	0	749	0
LFQ	86	0	0	0	0	0	0	0	0	0	0	0	59	0	0	0	0	0	0	0	0	0	0	57	0	0	0	0	34	0	0	0	0	111	0	0	0	0	228	0	0	0	0	746	0
LFQ	87	0	0	0	0	0	0	0	1	0	0	0	46	0	0	0	0	0	0	0	0	0	0	51	0	0	0	0	37	0	0	0	0	117	0	0	0	0	213	0	0	0	0	770	0
LFQ	88	0	0	0	0	0	0	0	0	0	0	0	62	0	0	0	0	0	0	0	0	0	0	50	0	0	0	0	25	0	0	0	0	111	0	0	0	0	230	0	0	0	0	752	0
LFQ	89	0	0	0	0	0	0	0	1	0	0	0	48	0	0	0	0	0	0	0	0	0	0	50	0	0	0	0	45	0	0	0	0	124	0	0	0	0	242	0	0	0	0	713	0
LFQ	90	0	0	0	0	0	0	0	1	0	0	0	55	0	0	0	0	0	0	0	0	0	0	55	0	0	0	0	37	0	0	0	0	103	0	0	0	0	240	0	0	0	0	730	0
LFQ	91	0	0	0	0	0	0	0	1	0	0	0	49	0	0	0	0	0	0	0	0	0	0	58	0	0	0	0	34	0	0	0	0	135	0	0	0	0	226	0	0	0	0	717	0
LFQ	92	0	0	0	0	0	0	0	0	0	0	0	72	0	0	0	0	0	0	0	0	0	0	54	0	0	0	0	35	0	0	0	0	112	0	0	0	0	239	0	0	0	0	705	0
LFQ	93	0	0	0	0	0	0	0	0	0	0	0	62	0	0	0	0	0	0	0	0	0	0	57	0	0	0	0	43	0	0	0	0	113	0	0	0	0	250	0	0	0	0	691	0
LFQ	94	0	0	0	0	0	0	0	1	0	0	0	72	0	0	0	0	0	0	0	0	0	0	47	0	0	0	0	29	0	0	0	0	135	0	0	0	0	244	0	0	0	0	688	0
LFQ	95	0	0	0	0	0	0	0	1	0	0	0	58	0	0	0	0	0	0	0	0	0	0	55	0	0	0	0	40	0	0	0	0	121	0	0	0	0	215	0	0	0	0	724	0
LFQ	96	0	0	0	0	0	0	0	0	0	0	0	65	0	0	0	0	0	0	0	0	0	0	49	0	0	0	0	41	0	0	0	0	122	0	0	0	0	229	0	0	0	0	702	0
LFQ	97	0	0	0	0	0	0	0	0	0	0	0	55	0	0	0	0	0	0	0	0	0	0	52	0	0	0	0	36	0	0	0	0	106	0	0	0	0	238	0	0	0	0	715	0
LFQ	98	0	0	0	0	0	0	0	0	0	0	0	58	0	0	0	0	0	0	0	0	0	0	59	0	0	0	0	29	0	0	0	0	103	0	0	0	0	245	0	0	0	0	703	0
LFQ	99	0	0	0	0	0	0	0	0	0	0	0	59	0	0	0	0	0	0	0	0	0	0	56	0	0	0	0	45	0	0	0	0	116	0	0	0	0	241	0	0	0	0	678	0
LFQ	100	0	0	0	0	0	0	0	0	0	0	0	56	0	0	0	0	0	0	0	0	0	0	49	0	0	0	0	47	0	0	0	0	122	0	0	0	0	251	0	0	0	0	665	0
LFQ	101	0	0	0	0	0	0	0	0	0	0	0	60	0	0	0	0	0	0	0	0	0	0	54	0	0	0	0	36	0	0	0	0	120	0	0	0	0	249	0	0	0	0	668	0
LFQ	102	0	0	0	0	0	0	0	1	0	0	0	55	0	0	0	0	0	0	0	0	0	0	40	0	0	0	0	39	0	0	0	0	132	0	0	0	0	264	0	0	0	0	652	0
LFQ	103	0	0	0	0	0	0	0	0	0	0	0	67	0	0	0	0	0	0	0	0	0	0	50	0	0	0	0	34	0	0	0	0	118	0	0	0	0	240	0	0	0	0	672	0
LFQ	104	0	0	0	0	0	0	0	2	0	0	0	46	0	0	0	0	0	0	0	0	0	0	40	0	0	0	0	41	0	0	0	0	127	0	0	0	0	245	0	0	0	0	674	0
LFQ	105	0	0	0	0	0	0	0	0	0	0	0	57	0	0	0	0	0	0	0	0	0	0	56	0	0	0	0	49	0	0	0	0	117	0	0	0	0	241	0	0	0	0	651	0
LFQ	106	0	0	0	0	0	0	0	0	0	0	0	56	0	0	0	0	0	0	0	0	0	0	49	0	0	0	0	42	0	0	0	0	127	0	0	0	0	251	0	0	0	0	644	0
LFQ	107	0	0	0	0	0	0	0	0	0	0	0	52	0	0	0	0	0	0	0	0	0	0	54	0	0	0	0	41	0	0	0	0	125	0	0	0	0	245	0	0	0	0	649	0
LFQ	108	0	0	0	0	0	0	0	1	0	0	0	75	0	0	0	0	0	0	0	0	0	0	49	0	0	0	0	35	0	0	0	0	145	0	0	0	0	235	0	0	0	0	622	0
LFQ	109	0	0	0	0	0	0	0	0	0	0	0	68	0	0	0	0	0	0	0	0	0	0	59	0	0	0	0	43	0	0	0	0	160	0	0	0	0	237	0	0	0	0	594	0
LFQ	110	0	0	0	0	0	0	0	1	0	0	0	71	0	0	0	0	0	0	0	0	0	0	46	0	0	0	0	56	0	0	0	0	162	0	0	0	0	234	0	0	0	0	586	0
LFQ	111	0	0	0	0	0	0	0	0	0	0	0	78	0	0	0	0	0	0	0	0	0	0	52	0	0	0	0	47	0	0	0	0	132	0	0	0	0	253	0	0	0	0	592	0
LFQ	112	0	0	0	0	0	0	0	1	0	0	0	71	0	0	0	0	0	0	0	0	0	0	59	0	0	0	0	57	0	0	0	0	151	0	0	0	0	243	0	0	0	0	571	0
LFQ	113	0	0	0	0	0	0	0	1	0	0	0	78	0	0	0	0	0	0	0	0	0	0	65	0	0	0	0	58	0	0	0	0	147	0	0	0	0	236	0	0	0	0	568	0
LFQ	114	0	0	0	0	0	0	0	1	0	0	0	76	0	0	0	0	0	0	0	0	0	0	65	0	0	0	0	66	0	0	0	0	186	0	0	0	0	242	0	0	0	0	515	0
LFQ	115	0	0	0	0	0	0	0	0	0	0	0	80	0	0	0	0	0	0	0	0	0	0	72	0	0	0	0	62	0	0	0	0	164	0	0	0	0	260	0	0	0	0	505	0
LFQ	116	0	0	0	0	0	0	0	0	0	0	0	68	0	0	0	0	0	0	0	0	0	0	62	0	0	0	0	64	0	0	0	0	196	0	0	0	0	266	0	0	0	0	480	0
LFQ	117	0	0	0	0	0	0	0	0	0	0	0	68	0	0	0	0	0	0	0	0	0	0	77	0	0	0	0	65	0	0	0	0	180	0	0	0	0	268	0	0	0	0	476	0
LFQ	118	0	0	0	0	0	0	0	0	0	0	0	77	0	0	0	0	0	0	0	0	0	0	69	0	0	0	0	84	0	0	0	0	164	0	0	0	0	274	0	0	0	0	464	0
LFQ	119	0	0	0	0	0	0	0	1	0	0	0	81	0	0	0	0	0	0	0	0	0	0	71	0	0	0	0	83	0	0	0	0	181	0	0	0	0	264	0	0	0	0	448	0
LFQ	120	0	0	0	0	0	0	0	0	0	0	0	97	0	0	0	0	0	0	0	0	0	0	82	0	0	0	0	71	0	0	0	0	169	0	0	0	0	275	0	0	0	0	431	0
LFQ	121	0	0	0	0	0	0	0	0	0	0	0	84	0	0	0	0	0	0	0	0	0	0	75	0	0	0	0	107	0	0	0	0	184	0	0	0	0	273	0	0	0	0	400	0
LFQ	122	0	0	0	0	0	0	0	1	0	0	0	90	0	0	0	0	0	0	0	0	0	0	84	0	0	0	0	104	0	0	0	0	195	0	0	0	0	254	0	0	0	0	393	0
LFQ	123	0	0	0	0	0	0	0	1	0	0	0	88	0	0	0	0	0	0	0	0	0	0	84	0	0	0	0	109	0	0	0	0	176	0	0	0	0	278	0	0	0	0	381	0
LFQ	124	0	0	0	0	0	0	0	1	0	0	0	93	0	0	0	0	0	0	0	0	0	0	83	0	0	0	0	110	0	0	0	0	193	0	0	0	0	257	0	0	0	0	380	0
LFQ	125	0	0	0	0	0	0	0	1	0	0	0	105	0	0	0	0	0	0	0	0	0	0	69	0	0	0	0	114	0	0	0	0	212	0	0	0	0	238	0	0	0	0	376	0
LFQ	126	0	0	0	0	0	0	0	1	0	0	0	118	0	0	0	0	0	0	0	0	0	0	83	0	0	0	0	108	0	0	0	0	191	0	0	0	0	241	0	0	0	0	366	0
LFQ	127	0	0	0	0	0	0	0	0	0	0	0	129	0	0	0	0	0	0	0	0	0	0	74	0	0	0	0	118	0	0	0	0	203	0	0	0	0	258	0	0	0	0	323	0
LFQ	128	0	0	0	0	0	0	0	0	0	0	0	110	0	0	0	0	0	0	0	0	0	0	98	0	0	0	0	135	0	0	0	0	213	0	0	0	0	231	0	0	0	0	315	0
LFQ	129	0	0	0	0	0	0	0	1	0	0	0	126	0	0	0	0	0	0	0	0	0	0	104	0	0	0	0	125	0	0	0	0	177	0	0	0	0	256	0	0	0	0	305	0
LFQ	130	0	0	0	0	0	0	0	1	0	0	0	133	0	0	0	0	0	0	0	0	0	0	94	0	0	0	0	146	0	0	0	0	189	0	0	0	0	241	0	0	0	0	288	0
LFQ	131	0	0	0	0	0	0	0	0	0	0	0	126	0	0	0	0	0	0	0	0	0	0	97	0	0	0	0	147	0	0	0	0	179	0	0	0	0	247	0	0	0	0	293	0
LFQ	132	0	0	0	0	0	0	0	1	0	0	0	138	0	0	0	0	0	0	0	0	0	0	114	0	0	0	0	144	0	0	0	0	197	0	0	0	0	212	0	0	0	0	275	0
LFQ	133	0	0	0	0	0	0	0	0	0	0	0	131	0	0	0	0	0	0	0	0	0	0	105	0	0	0	0	144	0	0	0	0	222	0	0	0	0	201	0	0	0	0	276	0
LFQ	134	0	0	0	0	0	0	0	1	0	0	0	135	0	0	0	0	0	0	0	0	0	0	94	0	0	0	0	144	0	0	0	0	217	0	0	0	0	217	0	0	0	0	268	0
LFQ	135	0	0	0	0	0	0	0	0	0	0	0	111	0	0	0	0	0	0	0	0	0	0	120	0	0	0	0	173	0	0	0	0	213	0	0	0	0	200	0	0	0	0	258	0
LFQ	136	0	0	0	0	0	0	0	1	0	0	0	127	0	0	0	0	0	0	0	0	0	0	115	0	0	0	0	138	0	0	0	0	235	0	0	0	0	207	0	0	0	0	250	0
LFQ	137	0	0	0	0	0	0	0	1	0	0	0	124	0	0	0	0	0	0	0	0	0	0	108	0	0	0	0	148	0	0	0	0	231	0	0	0	0	194	0	0	0	0	259	0
LFQ	138	0	0	0	0	0	0	0	0	0	0	0	145	0	0	0	0	0	0	0	0	0	0	90	0	0	0	0	145	0	0	0	0	233	0	0	0	0	176	0	0	0	0	267	0
LFQ	139	0	0	0	0	0	0	0	4	0	0	0	130	0	0	0	0	0	0	0	0	0	0	131	0	0	0	0	147	0	0	0	0	200	0	0	0	0	190	0	0	0	0	246	0
LFQ	140	0	0	0	0	0	0	0	2	0	0	0	137	0	0	0	0	0	0	0	0	0	0	126	0	0	0	0	165	0	0	0	0	203	0	0	0	0	176	0	0	0	0	230	0
LFQ	141	0	0	0	0	0	0	0	1	0	0	0	149	0	0	0	0	0	0	0	0	0	0	105	0	0	0	0	191	0	0	0	0	216	0	0	0	0	166	0	0	0	0	201	0
LFQ	142	0	0	0	0	0	0	0	1	0	0	0	157	0	0	0	0	0	0	0	0	0	0	115	0	0	0	0	153	0	0	0	0	212	0	0	0	0	177	0	0	0	0	204	0
LFQ	143	0	0	0	0	0	0	0	3	0	0	0	153	0	0	0	0	0	0	0	0	0	0	107	0	0	0	0	146	0	0	0	0	227	0	0	0	0	173	0	0	0	0	196	0
LFQ	144	0	0	0	0	0	0	0	0	0	0	0	148	0	0	0	0	0	0	0	0	0	0	118	0	0	0	0	148	0	0	0	0	228	0	0	0	0	170	0	0	0	0	184	0
LFQ	145	0	0	0	0	0	0	0	0	0	0	0	158	0	0	0	0	0	0	0	0	0	0	118	0	0	0	0	140	0	0	0	0	222	0	0	0	0	161	0	0	0	0	175	0
LFQ	146	0	0	0	0	0	0	0	0	0	0	0	142	0	0	0	0	0	0	0	0	0	0	114	0	0	0	0	166	0	0	0	0	223	0	0	0	0	139	0	0	0	0	175	0
LFQ	147	0	0	0	0	0	0	0	0	0	0	0	163	0	0	0	0	0	0	0	0	0	0	105	0	0	0	0	160	0	0	0	0	184	0	0	0	0	155	0	0	0	0	163	0
LFQ	148	0	0	0	0	0	0	0	1	0	0	0	134	0	0	0	0	0	0	0	0	0	0	121	0	0	0	0	148	0	0	0	0	219	0	0	0	0	116	0	0	0	0	157	0
LFQ	149	0	0	0	0	0	0	0	1	0	0	0	117	0	0	0	0	0	0	0	0	0	0	92	0	0	0	0	163	0	0	0	0	183	0	0	0	0	139	0	0	0	0	149	0
LFQ	150	0	0	2	0	0	0	0	1	0	0	0	52	0	0	0	0	0	0	0	0	0	0	80	0	0	0	0	113	0	0	0	0	157	0	0	0	0	109	0	0	0	0	109	0
LFQ	151	0	0	0	0	0	0	0	0	0	0	0	0	0	0	0	0	0	0	0	0	0	0	68	0	0	0	0	88	0	0	0	0	112	0	0	0	0	72	0	0	0	0	61	0
# GC Content of first fragments. Use `grep ^GCF | cut -f 2-` to extract this part.
GCF	4.52	0
GCF	9.30	2
GCF	9.80	5
GCF	10.30	7
GCF	10.80	8
GCF	11.31	3
GCF	11.81	6
GCF	12.31	10
GCF	12.81	20
GCF	13.32	17
GCF	13.82	20
GCF	14.32	18
GCF	14.82	27
GCF	15.33	19
GCF	15.83	31
GCF	16.58	33
GCF	17.34	54
GCF	17.84	67
GCF	18.34	59
GCF	18.84	54
GCF	19.35	53
GCF	19.85	49
GCF	20.35	66
GCF	20.85	52
GCF	21.36	54
GCF	21.86	64
GCF	22.36	57
GCF	22.86	58
GCF	23.37	66
GCF	23.87	69
GCF	24.37	47
GCF	24.87	60
GCF	25.38	69
GCF	25.88	71
GCF	26.38	62
GCF	26.88	52
GCF	27.39	71
GCF	27.89	55
GCF	28.39	51
GCF	28.89	48
GCF	29.40	42
GCF	29.90	56
GCF	30.40	48
GCF	30.90	42
GCF	31.41	35
GCF	31.91	34
GCF	32.41	33
GCF	32.91	31
GCF	33.42	23
GCF	34.17	28
GCF	34.92	15
GCF	35.43	19
GCF	35.93	26
GCF	36.43	21
GCF	36.93	18
GCF	37.44	8
GCF	37.94	11
GCF	38.44	7
GCF	38.94	10
GCF	39.45	7
GCF	39.95	10
GCF	40.45	5
GCF	40.95	4
GCF	41.46	7
GCF	41.96	5
GCF	42.46	4
GCF	42.96	2
GCF	43.72	3
GCF	44.47	7
GCF	44.97	6
GCF	45.48	5
GCF	46.23	6
GCF	47.24	7
GCF	47.99	1
# GC Content of last fragments. Use `grep ^GCL | cut -f 2-` to extract this part.
GCL	4.52	0
GCL	9.55	1
GCL	10.30	0
GCL	11.06	2
GCL	11.81	5
GCL	12.31	7
GCL	12.81	23
GCL	13.32	18
GCL	13.82	13
GCL	14.32	17
GCL	14.82	24
GCL	15.33	17
GCL	15.83	24
GCL	16.33	33
GCL	16.83	38
GCL	17.34	44
GCL	17.84	55
GCL	18.34	49
GCL	18.84	53
GCL	19.35	56
GCL	19.85	53
GCL	20.35	56
GCL	20.85	61
GCL	21.36	58
GCL	21.86	65
GCL	22.36	70
GCL	23.12	56
GCL	23.87	60
GCL	24.37	68
GCL	24.87	67
GCL	25.38	85
GCL	26.13	80
GCL	26.88	68
GCL	27.39	66
GCL	27.89	63
GCL	28.39	47
GCL	28.89	42
GCL	29.40	54
GCL	29.90	49
GCL	30.40	35
GCL	30.90	48
GCL	31.41	44
GCL	31.91	57
GCL	32.41	49
GCL	32.91	34
GCL	33.42	33
GCL	33.92	26
GCL	34.42	27
GCL	34.92	19
GCL	35.43	24
GCL	35.93	21
GCL	36.43	17
GCL	36.93	18
GCL	37.44	17
GCL	37.94	9
GCL	38.44	6
GCL	38.94	13
GCL	39.45	12
GCL	39.95	8
GCL	40.45	7
GCL	40.95	9
GCL	41.46	13
GCL	41.96	10
GCL	42.46	4
GCL	43.22	3
GCL	43.97	1
GCL	44.47	0
GCL	44.97	5
GCL	45.73	6
GCL	46.48	2
GCL	47.74	5
# ACGT content per cycle. Use `grep ^GCC | cut -f 2-` to extract this part. The columns are: cycle; A,C,G,T base counts as a percentage of all A/C/G/T bases [%]; and N and O counts as a percentage of all A/C/G/T bases [%]
GCC	1	35.81	13.62	5.27	45.29	0.00	0.00
GCC	2	37.76	12.03	9.62	40.59	0.00	0.00
GCC	3	36.77	12.56	12.00	38.68	0.00	0.00
GCC	4	35.46	13.52	13.23	37.79	0.00	0.00
GCC	5	35.35	12.74	12.28	39.63	0.00	0.00
GCC	6	36.31	13.02	12.31	38.36	0.00	0.00
GCC	7	35.46	12.35	12.81	39.38	0.00	0.00
GCC	8	38.50	11.78	12.14	37.58	0.00	0.00
GCC	9	36.20	12.14	12.31	39.35	0.00	0.00
GCC	10	36.80	11.78	12.46	38.96	0.00	0.00
GCC	11	38.32	11.11	13.09	37.47	0.00	0.00
GCC	12	37.26	12.92	11.89	37.93	0.00	0.00
GCC	13	38.25	12.42	12.92	36.41	0.00	0.00
GCC	14	38.18	12.88	12.85	36.09	0.00	0.00
GCC	15	37.33	12.60	11.57	38.50	0.00	0.00
GCC	16	35.42	12.24	12.53	39.81	0.00	0.00
GCC	17	37.47	13.16	12.63	36.73	0.00	0.00
GCC	18	36.69	12.24	12.03	39.03	0.00	0.00
GCC	19	38.25	11.71	11.36	38.68	0.00	0.00
GCC	20	36.73	11.71	12.56	39.00	0.00	0.00
GCC	21	37.65	12.28	11.71	38.36	0.00	0.00
GCC	22	36.59	12.70	11.71	39.00	0.00	0.00
GCC	23	35.53	13.20	12.63	38.64	0.00	0.00
GCC	24	35.21	12.56	13.09	39.14	0.00	0.00
GCC	25	39.17	11.85	11.32	37.65	0.00	0.00
GCC	26	37.01	12.77	12.67	37.54	0.00	0.00
GCC	27	35.40	14.12	12.81	37.66	0.00	0.00
GCC	28	38.34	11.68	11.40	38.58	0.00	0.00
GCC	29	37.24	11.68	12.67	38.41	0.00	0.00
GCC	30	38.97	12.32	12.28	36.42	0.00	0.00
GCC	31	37.38	12.74	13.73	36.14	0.00	0.00
GCC	32	37.89	12.32	12.61	37.18	0.00	0.00
GCC	33	37.36	13.00	12.11	37.54	0.00	0.00
GCC	34	37.15	12.71	11.69	38.46	0.00	0.00
GCC	35	37.44	11.83	12.58	38.15	0.00	0.00
GCC	36	36.53	12.23	12.86	38.38	0.00	0.00
GCC	37	37.39	12.27	13.34	37.00	0.00	0.00
GCC	38	36.71	12.96	11.68	38.66	0.00	0.00
GCC	39	37.17	13.24	12.18	37.42	0.00	0.00
GCC	40	37.83	12.58	11.09	38.50	0.00	0.00
GCC	41	38.45	10.84	13.56	37.16	0.00	0.00
GCC	42	38.81	12.35	12.64	36.20	0.00	0.00
GCC	43	38.79	12.50	12.46	36.25	0.00	0.00
GCC	44	39.30	12.01	11.12	37.58	0.00	0.00
GCC	45	35.86	11.61	11.57	40.96	0.00	0.00
GCC	46	36.83	13.78	12.84	36.54	0.00	0.00
GCC	47	36.80	13.16	12.33	37.71	0.00	0.00
GCC	48	38.08	11.25	12.66	38.01	0.00	0.00
GCC	49	36.25	13.64	12.05	38.06	0.00	0.00
GCC	50	38.57	12.55	11.72	37.16	0.00	0.00
GCC	51	38.56	11.90	12.95	36.60	0.00	0.00
GCC	52	37.33	10.94	12.07	39.66	0.00	0.00
GCC	53	37.10	12.87	11.10	38.93	0.00	0.00
GCC	54	37.04	13.03	11.78	38.14	0.00	0.00
GCC	55	39.06	11.71	12.78	36.45	0.00	0.00
GCC	56	37.17	12.68	12.50	37.65	0.00	0.00
GCC	57	38.56	11.15	12.74	37.56	0.00	0.00
GCC	58	37.61	11.82	11.67	38.91	0.00	0.00
GCC	59	38.75	11.91	12.02	37.33	0.00	0.00
GCC	60	37.31	11.56	13.44	37.69	0.00	0.00
GCC	61	39.69	12.36	12.17	35.78	0.00	0.00
GCC	62	37.20	12.89	12.55	37.35	0.00	0.00
GCC	63	39.53	11.80	12.72	35.94	0.00	0.00
GCC	64	39.02	12.47	11.86	36.65	0.00	0.00
GCC	65	36.18	12.90	12.98	37.94	0.00	0.00
GCC	66	34.64	13.46	12.93	38.97	0.00	0.00
GCC	67	37.42	11.92	11.73	38.92	0.00	0.00
GCC	68	38.94	12.39	11.42	37.24	0.00	0.00
GCC	69	36.75	12.52	11.94	38.79	0.00	0.00
GCC	70	36.26	12.18	13.74	37.82	0.00	0.00
GCC	71	34.53	12.41	12.99	40.07	0.00	0.00
GCC	72	36.64	11.46	13.49	38.40	0.00	0.00
GCC	73	36.31	12.47	13.57	37.65	0.00	0.00
GCC	74	37.40	12.35	11.64	38.62	0.00	0.00
GCC	75	38.33	12.94	12.58	36.16	0.00	0.00
GCC	76	38.25	11.75	12.42	37.58	0.00	0.00
GCC	77	36.01	13.42	12.78	37.79	0.00	0.00
GCC	78	36.50	12.39	12.23	38.88	0.00	0.00
GCC	79	38.05	11.85	11.85	38.25	0.00	0.00
GCC	80	36.93	14.39	11.71	36.97	0.00	0.00
GCC	81	38.43	11.49	12.57	37.51	0.00	0.00
GCC	82	38.60	10.98	11.50	38.92	0.00	0.00
GCC	83	37.82	10.91	12.77	38.51	0.00	0.00
GCC	84	37.86	11.64	12.61	37.90	0.00	0.00
GCC	85	37.19	12.17	12.21	38.44	0.00	0.00
GCC	86	36.96	12.39	13.08	37.57	0.00	0.00
GCC	87	36.04	13.13	13.05	37.78	0.00	0.00
GCC	88	37.55	13.02	10.94	38.49	0.00	0.00
GCC	89	37.79	12.83	13.32	36.07	0.00	0.00
GCC	90	39.30	12.34	13.69	34.67	0.00	0.00
GCC	91	39.62	11.20	12.43	36.75	0.00	0.00
GCC	92	37.04	12.44	13.72	36.80	0.00	0.00
GCC	93	37.26	11.94	12.76	38.04	0.00	0.00
GCC	94	37.61	12.78	12.12	37.48	0.00	0.00
GCC	95	37.15	12.69	11.32	38.84	0.00	0.00
GCC	96	38.58	12.23	12.72	36.47	0.00	0.00
GCC	97	36.36	12.65	12.60	38.39	0.00	0.00
GCC	98	37.02	12.24	13.62	37.11	0.00	0.00
GCC	99	36.68	12.23	12.35	38.74	0.00	0.00
GCC	100	36.65	11.92	12.05	39.38	0.00	0.00
GCC	101	38.06	12.08	11.92	37.94	0.00	0.00
GCC	102	39.73	12.21	12.26	35.80	0.00	0.00
GCC	103	38.53	11.85	13.25	36.37	0.00	0.00
GCC	104	38.78	12.41	12.24	36.56	0.00	0.00
GCC	105	37.10	11.58	12.73	38.59	0.00	0.00
GCC	106	36.24	11.75	13.29	38.72	0.00	0.00
GCC	107	35.68	13.59	11.75	38.98	0.00	0.00
GCC	108	36.47	11.74	12.09	39.70	0.00	0.00
GCC	109	36.67	13.16	12.30	37.88	0.00	0.00
GCC	110	38.42	12.38	11.29	37.91	0.00	0.00
GCC	111	35.80	13.09	11.83	39.27	0.00	0.00
GCC	112	37.34	11.71	12.49	38.46	0.00	0.00
GCC	113	37.42	11.97	12.14	38.46	0.00	0.00
GCC	114	35.99	12.01	13.10	38.90	0.00	0.00
GCC	115	37.44	11.62	13.15	37.79	0.00	0.00
GCC	116	37.14	11.15	12.82	38.89	0.00	0.00
GCC	117	35.15	12.42	12.91	39.52	0.00	0.00
GCC	118	35.70	12.62	12.93	38.75	0.00	0.00
GCC	119	38.15	12.25	12.20	37.40	0.00	0.00
GCC	120	36.97	13.08	13.16	36.79	0.00	0.00
GCC	121	36.19	11.28	13.14	39.39	0.00	0.00
GCC	122	37.71	12.33	13.40	36.55	0.00	0.00
GCC	123	36.86	12.27	11.29	39.58	0.00	0.00
GCC	124	36.92	13.39	12.05	37.63	0.00	0.00
GCC	125	38.80	11.09	11.62	38.49	0.00	0.00
GCC	126	37.30	11.55	12.00	39.15	0.00	0.00
GCC	127	36.31	12.57	12.93	38.20	0.00	0.00
GCC	128	36.34	11.92	13.14	38.60	0.00	0.00
GCC	129	36.21	12.99	12.40	38.39	0.00	0.00
GCC	130	37.12	12.01	11.28	39.58	0.00	0.00
GCC	131	36.62	13.00	12.40	37.98	0.00	0.00
GCC	132	37.73	11.90	13.47	36.90	0.00	0.00
GCC	133	36.76	11.19	12.67	39.38	0.00	0.00
GCC	134	36.64	10.52	11.86	40.98	0.00	0.00
GCC	135	36.81	12.93	12.79	37.46	0.00	0.00
GCC	136	35.40	12.36	11.85	40.40	0.00	0.00
GCC	137	36.20	13.12	12.24	38.44	0.00	0.00
GCC	138	36.99	12.28	12.14	38.58	0.00	0.00
GCC	139	35.96	13.17	11.47	39.41	0.00	0.00
GCC	140	36.19	12.52	12.43	38.86	0.00	0.00
GCC	141	37.57	12.04	12.24	38.15	0.00	0.00
GCC	142	36.61	13.03	12.30	38.06	0.00	0.00
GCC	143	35.43	12.41	12.81	39.35	0.00	0.00
GCC	144	36.15	12.94	14.86	36.05	0.00	0.00
GCC	145	36.46	12.20	13.26	38.07	0.00	0.00
GCC	146	35.20	12.79	11.67	40.35	0.00	0.00
GCC	147	35.87	13.24	12.92	37.97	0.00	0.00
GCC	148	34.38	12.43	13.09	40.10	0.00	0.00
GCC	149	34.52	13.26	13.32	38.90	0.00	0.00
GCC	150	24.01	15.71	14.81	45.47	0.15	0.00
GCC	151	14.00	15.15	17.35	53.50	0.00	0.00
# ACGT content per cycle, read oriented. Use `grep ^GCT | cut -f 2-` to extract this part. The columns are: cycle; A,C,G,T base counts as a percentage of all A/C/G/T bases [%]
GCT	1	34.18	17.98	0.92	46.92
GCT	2	38.11	13.06	8.60	40.23
GCT	3	38.85	12.70	11.85	36.59
GCT	4	34.57	14.65	12.10	38.68
GCT	5	36.41	12.35	12.67	38.57
GCT	6	38.11	13.80	11.54	36.55
GCT	7	37.01	11.54	13.62	37.83
GCT	8	39.28	11.61	12.31	36.80
GCT	9	37.33	11.89	12.56	38.22
GCT	10	37.72	11.54	12.70	38.04
GCT	11	37.37	12.38	11.82	38.43
GCT	12	37.65	13.48	11.32	37.54
GCT	13	38.82	12.81	12.53	35.85
GCT	14	38.46	13.69	12.03	35.81
GCT	15	36.84	12.42	11.75	39.00
GCT	16	36.48	12.63	12.14	38.75
GCT	17	38.08	13.02	12.77	36.13
GCT	18	37.30	12.53	11.75	38.43
GCT	19	39.14	12.00	11.08	37.79
GCT	20	37.79	12.53	11.75	37.93
GCT	21	36.80	12.88	11.11	39.21
GCT	22	36.77	13.62	10.79	38.82
GCT	23	36.02	12.74	13.09	38.15
GCT	24	37.97	13.09	12.56	36.38
GCT	25	39.17	10.97	12.21	37.65
GCT	26	37.26	13.13	12.31	37.30
GCT	27	37.24	14.09	12.85	35.82
GCT	28	38.27	11.50	11.58	38.65
GCT	29	37.49	11.89	12.46	38.16
GCT	30	39.68	12.57	12.04	35.72
GCT	31	37.77	13.03	13.45	35.75
GCT	32	38.28	12.04	12.89	36.79
GCT	33	37.46	12.15	12.96	37.43
GCT	34	37.64	12.32	12.08	37.96
GCT	35	38.68	12.43	11.97	36.91
GCT	36	37.46	13.08	12.01	37.46
GCT	37	36.54	12.45	13.16	37.85
GCT	38	36.71	12.78	11.86	38.66
GCT	39	38.45	12.85	12.57	36.14
GCT	40	38.43	12.51	11.16	37.90
GCT	41	38.16	12.30	12.09	37.45
GCT	42	39.46	13.03	11.96	35.55
GCT	43	38.57	11.75	13.22	36.46
GCT	44	40.23	11.62	11.51	36.64
GCT	45	38.27	11.89	11.28	38.56
GCT	46	36.22	13.74	12.88	37.16
GCT	47	36.80	13.20	12.29	37.71
GCT	48	36.89	11.83	12.08	39.20
GCT	49	37.45	13.06	12.63	36.87
GCT	50	38.28	12.01	12.26	37.45
GCT	51	37.14	12.55	12.30	38.01
GCT	52	38.83	11.63	11.37	38.17
GCT	53	38.75	12.17	11.80	37.28
GCT	54	38.40	13.22	11.60	36.78
GCT	55	39.14	11.63	12.85	36.38
GCT	56	37.46	11.87	13.31	37.35
GCT	57	37.81	11.22	12.67	38.30
GCT	58	38.91	12.52	10.96	37.61
GCT	59	37.55	11.04	12.88	38.52
GCT	60	37.54	11.48	13.52	37.46
GCT	61	40.41	12.17	12.36	35.06
GCT	62	39.22	12.51	12.93	35.34
GCT	63	38.66	11.46	13.06	36.82
GCT	64	39.14	12.82	11.51	36.53
GCT	65	36.68	12.86	13.02	37.44
GCT	66	37.05	12.85	13.54	36.56
GCT	67	38.19	11.35	12.31	38.15
GCT	68	38.94	11.85	11.96	37.24
GCT	69	36.90	12.17	12.29	38.64
GCT	70	36.73	12.37	13.54	37.35
GCT	71	36.91	12.80	12.60	37.69
GCT	72	36.92	11.46	13.49	38.13
GCT	73	38.55	11.69	14.35	35.41
GCT	74	38.78	11.24	12.74	37.24
GCT	75	38.25	12.50	13.01	36.23
GCT	76	38.01	11.79	12.38	37.82
GCT	77	36.56	12.98	13.22	37.24
GCT	78	37.97	12.79	11.83	37.41
GCT	79	37.97	12.17	11.53	38.33
GCT	80	36.49	14.35	11.75	37.41
GCT	81	37.39	11.49	12.57	38.55
GCT	82	38.92	10.82	11.66	38.60
GCT	83	38.79	11.31	12.36	37.54
GCT	84	38.22	11.92	12.32	37.54
GCT	85	37.55	12.37	12.00	38.08
GCT	86	37.45	12.47	13.00	37.09
GCT	87	36.64	12.53	13.66	37.17
GCT	88	38.04	12.41	11.55	38.00
GCT	89	36.52	12.30	13.85	37.34
GCT	90	38.98	12.79	13.24	35.00
GCT	91	40.20	11.36	12.26	36.18
GCT	92	37.04	12.28	13.88	36.80
GCT	93	37.88	12.56	12.14	37.42
GCT	94	36.99	12.00	12.91	38.10
GCT	95	37.15	12.31	11.69	38.84
GCT	96	38.38	11.81	13.14	36.68
GCT	97	37.44	12.02	13.23	37.31
GCT	98	37.11	12.95	12.91	37.02
GCT	99	37.35	12.23	12.35	38.07
GCT	100	37.20	12.17	11.80	38.83
GCT	101	38.48	12.04	11.96	37.52
GCT	102	39.77	12.17	12.30	35.76
GCT	103	39.33	11.81	13.29	35.56
GCT	104	38.05	12.80	11.86	37.29
GCT	105	36.80	11.80	12.52	38.88
GCT	106	37.35	12.05	12.99	37.61
GCT	107	36.75	13.98	11.36	37.91
GCT	108	37.12	11.61	12.22	39.05
GCT	109	36.89	12.60	12.86	37.66
GCT	110	38.30	12.07	11.60	38.04
GCT	111	37.58	12.40	12.53	37.49
GCT	112	36.82	11.84	12.36	38.99
GCT	113	37.81	12.32	11.80	38.07
GCT	114	37.12	12.10	13.01	37.77
GCT	115	37.61	11.31	13.46	37.61
GCT	116	37.23	11.81	12.16	38.81
GCT	117	37.49	12.47	12.86	37.18
GCT	118	35.70	13.28	12.27	38.75
GCT	119	39.66	12.47	11.98	35.90
GCT	120	36.61	13.39	12.85	37.15
GCT	121	38.45	11.46	12.97	37.12
GCT	122	38.65	11.75	13.98	35.62
GCT	123	37.53	11.56	12.00	38.91
GCT	124	37.14	12.86	12.59	37.41
GCT	125	38.09	11.04	11.67	39.20
GCT	126	37.26	10.92	12.63	39.19
GCT	127	36.94	12.25	13.24	37.57
GCT	128	36.03	12.37	12.69	38.92
GCT	129	37.39	12.99	12.40	37.21
GCT	130	37.53	11.78	11.51	39.17
GCT	131	36.89	13.18	12.22	37.71
GCT	132	37.18	11.53	13.83	37.45
GCT	133	38.28	10.87	12.99	37.86
GCT	134	38.12	10.80	11.58	39.50
GCT	135	39.21	12.47	13.26	35.06
GCT	136	36.28	12.73	11.48	39.52
GCT	137	36.58	12.56	12.80	38.06
GCT	138	38.72	12.14	12.28	36.85
GCT	139	37.61	12.32	12.32	37.75
GCT	140	35.90	11.95	13.00	39.14
GCT	141	38.10	12.28	12.00	37.62
GCT	142	37.14	12.74	12.59	37.53
GCT	143	35.73	12.27	12.95	39.05
GCT	144	36.64	12.40	15.41	35.56
GCT	145	37.07	12.31	13.16	37.47
GCT	146	36.02	12.43	12.02	39.53
GCT	147	37.18	12.61	13.55	36.66
GCT	148	35.75	11.88	13.64	38.72
GCT	149	31.95	13.26	13.32	41.47
GCT	150	18.40	15.93	14.58	51.08
GCT	151	0.00	15.67	16.82	67.50
# ACGT content per cycle for first fragments. Use `grep ^FBC | cut -f 2-` to extract this part. The columns are: cycle; A,C,G,T base counts as a percentage of all A/C/G/T bases [%]; and N and O counts as a percentage of all A/C/G/T bases [%]
FBC	1	39.92	1.06	1.91	57.11	0.00	0.00
FBC	2	34.47	3.82	13.38	48.34	0.00	0.00
FBC	3	30.50	5.24	18.12	46.14	0.00	0.00
FBC	4	30.43	4.60	19.32	45.65	0.00	0.00
FBC	5	30.08	5.59	19.18	45.15	0.00	0.00
FBC	6	31.14	5.38	18.40	45.08	0.00	0.00
FBC	7	30.43	6.44	19.39	43.74	0.00	0.00
FBC	8	31.85	6.44	18.68	43.03	0.00	0.00
FBC	9	30.79	5.87	19.46	43.88	0.00	0.00
FBC	10	30.79	6.16	18.68	44.37	0.00	0.00
FBC	11	31.49	4.32	19.39	44.80	0.00	0.00
FBC	12	33.33	5.38	17.62	43.67	0.00	0.00
FBC	13	34.39	5.52	19.46	40.62	0.00	0.00
FBC	14	31.78	5.38	17.91	44.94	0.00	0.00
FBC	15	33.19	5.38	17.34	44.09	0.00	0.00
FBC	16	29.30	6.37	17.76	46.57	0.00	0.00
FBC	17	30.22	6.37	18.26	45.15	0.00	0.00
FBC	18	29.58	5.52	18.54	46.36	0.00	0.00
FBC	19	33.12	4.60	17.69	44.59	0.00	0.00
FBC	20	30.86	5.38	18.33	45.44	0.00	0.00
FBC	21	31.63	4.60	18.26	45.51	0.00	0.00
FBC	22	32.77	4.74	17.20	45.29	0.00	0.00
FBC	23	29.09	7.01	18.90	45.01	0.00	0.00
FBC	24	28.95	5.24	19.11	46.71	0.00	0.00
FBC	25	31.14	5.94	18.05	44.87	0.00	0.00
FBC	26	29.79	5.38	18.75	46.07	0.00	0.00
FBC	27	29.23	6.16	19.18	45.44	0.00	0.00
FBC	28	32.34	5.80	16.63	45.22	0.00	0.00
FBC	29	30.57	5.31	19.53	44.59	0.00	0.00
FBC	30	34.47	5.31	18.54	41.68	0.00	0.00
FBC	31	32.41	5.38	21.51	40.69	0.00	0.00
FBC	32	31.02	6.09	19.12	43.77	0.00	0.00
FBC	33	32.01	6.37	19.12	42.49	0.00	0.00
FBC	34	30.74	5.52	18.56	45.18	0.00	0.00
FBC	35	32.10	5.17	17.86	44.86	0.00	0.00
FBC	36	30.90	4.89	18.64	45.57	0.00	0.00
FBC	37	30.90	5.03	20.41	43.66	0.00	0.00
FBC	38	33.50	5.75	17.67	43.08	0.00	0.00
FBC	39	31.80	6.32	18.95	42.94	0.00	0.00
FBC	40	31.46	6.21	16.19	46.15	0.00	0.00
FBC	41	32.45	4.15	19.84	43.55	0.00	0.00
FBC	42	32.76	6.09	18.14	43.01	0.00	0.00
FBC	43	32.28	6.46	19.58	41.68	0.00	0.00
FBC	44	33.36	5.39	17.04	44.21	0.00	0.00
FBC	45	30.19	5.10	17.25	47.45	0.00	0.00
FBC	46	30.67	5.40	20.23	43.70	0.00	0.00
FBC	47	31.65	5.85	18.57	43.93	0.00	0.00
FBC	48	33.89	4.19	19.44	42.49	0.00	0.00
FBC	49	29.72	5.78	18.37	46.13	0.00	0.00
FBC	50	33.26	6.15	19.02	41.58	0.00	0.00
FBC	51	33.02	5.00	19.26	42.72	0.00	0.00
FBC	52	30.81	4.00	18.31	46.88	0.00	0.00
FBC	53	30.98	6.17	17.62	45.23	0.00	0.00
FBC	54	31.15	5.30	17.38	46.17	0.00	0.00
FBC	55	32.33	5.89	18.56	43.23	0.00	0.00
FBC	56	29.52	7.23	19.70	43.54	0.00	0.00
FBC	57	30.33	5.90	19.41	44.35	0.00	0.00
FBC	58	33.11	5.01	17.26	44.62	0.00	0.00
FBC	59	32.18	6.08	19.20	42.54	0.00	0.00
FBC	60	31.78	5.11	21.49	41.62	0.00	0.00
FBC	61	34.12	6.22	18.73	40.94	0.00	0.00
FBC	62	31.76	6.53	19.07	42.63	0.00	0.00
FBC	63	33.41	5.11	19.91	41.57	0.00	0.00
FBC	64	33.36	5.51	17.60	43.53	0.00	0.00
FBC	65	29.69	6.43	19.28	44.61	0.00	0.00
FBC	66	28.58	7.05	19.69	44.67	0.00	0.00
FBC	67	31.00	6.00	17.62	45.38	0.00	0.00
FBC	68	32.64	5.17	18.44	43.75	0.00	0.00
FBC	69	31.99	4.71	18.62	44.67	0.00	0.00
FBC	70	29.60	6.06	20.28	44.06	0.00	0.00
FBC	71	28.55	5.62	19.11	46.72	0.00	0.00
FBC	72	30.47	5.47	22.03	42.03	0.00	0.00
FBC	73	29.47	6.11	21.55	42.87	0.00	0.00
FBC	74	32.05	6.06	18.66	43.23	0.00	0.00
FBC	75	33.78	5.62	19.62	40.98	0.00	0.00
FBC	76	30.46	5.06	19.46	45.02	0.00	0.00
FBC	77	29.92	6.98	19.52	43.57	0.00	0.00
FBC	78	30.50	6.20	17.79	45.51	0.00	0.00
FBC	79	33.31	4.93	17.49	44.28	0.00	0.00
FBC	80	32.05	6.79	17.59	43.57	0.00	0.00
FBC	81	33.12	5.12	19.60	42.16	0.00	0.00
FBC	82	33.09	5.70	17.83	43.37	0.00	0.00
FBC	83	30.64	5.17	19.56	44.62	0.00	0.00
FBC	84	32.01	5.17	19.64	43.17	0.00	0.00
FBC	85	31.77	5.58	18.27	44.38	0.00	0.00
FBC	86	31.74	5.75	19.84	42.67	0.00	0.00
FBC	87	30.19	6.57	20.86	42.37	0.00	0.00
FBC	88	33.39	6.03	17.59	43.00	0.00	0.00
FBC	89	33.80	6.61	21.06	38.53	0.00	0.00
FBC	90	33.80	5.50	20.67	40.03	0.00	0.00
FBC	91	35.55	5.99	18.39	40.07	0.00	0.00
FBC	92	30.30	6.16	20.94	42.61	0.00	0.00
FBC	93	31.41	4.95	18.80	44.85	0.00	0.00
FBC	94	30.85	6.70	19.11	43.34	0.00	0.00
FBC	95	31.59	6.30	17.74	44.36	0.00	0.00
FBC	96	31.62	5.98	20.83	41.58	0.00	0.00
FBC	97	29.12	5.82	20.22	44.84	0.00	0.00
FBC	98	30.85	5.10	20.57	43.48	0.00	0.00
FBC	99	29.59	4.69	19.53	46.19	0.00	0.00
FBC	100	31.54	5.20	18.29	44.97	0.00	0.00
FBC	101	31.99	5.30	18.35	44.36	0.00	0.00
FBC	102	35.25	6.09	18.85	39.81	0.00	0.00
FBC	103	32.68	4.83	21.34	41.15	0.00	0.00
FBC	104	32.46	5.78	18.01	43.76	0.00	0.00
FBC	105	31.01	4.67	19.46	44.86	0.00	0.00
FBC	106	30.23	5.72	20.32	43.72	0.00	0.00
FBC	107	30.53	5.83	17.58	46.05	0.00	0.00
FBC	108	30.09	5.25	17.88	46.78	0.00	0.00
FBC	109	31.46	6.22	19.10	43.22	0.00	0.00
FBC	110	31.43	6.23	17.14	45.19	0.00	0.00
FBC	111	29.49	7.03	18.65	44.84	0.00	0.00
FBC	112	31.74	5.20	19.34	43.71	0.00	0.00
FBC	113	32.96	5.81	17.43	43.80	0.00	0.00
FBC	114	29.64	4.97	20.84	44.55	0.00	0.00
FBC	115	30.89	5.24	20.94	42.93	0.00	0.00
FBC	116	31.96	5.60	18.74	43.70	0.00	0.00
FBC	117	28.43	6.07	19.72	45.77	0.00	0.00
FBC	118	31.04	5.64	20.11	43.21	0.00	0.00
FBC	119	32.39	5.83	18.89	42.89	0.00	0.00
FBC	120	32.98	5.48	20.25	41.29	0.00	0.00
FBC	121	29.85	5.31	20.37	44.46	0.00	0.00
FBC	122	32.44	7.11	20.00	40.44	0.00	0.00
FBC	123	30.25	5.69	18.06	46.00	0.00	0.00
FBC	124	31.34	6.32	19.32	43.01	0.00	0.00
FBC	125	32.35	4.90	18.00	44.74	0.00	0.00
FBC	126	31.07	6.00	19.16	43.78	0.00	0.00
FBC	127	31.75	5.65	19.73	42.87	0.00	0.00
FBC	128	30.73	5.39	20.04	43.85	0.00	0.00
FBC	129	33.24	6.14	19.24	41.37	0.00	0.00
FBC	130	31.28	5.79	17.00	45.93	0.00	0.00
FBC	131	32.52	6.43	18.66	42.39	0.00	0.00
FBC	132	32.24	6.67	20.82	40.27	0.00	0.00
FBC	133	31.59	5.59	19.87	42.95	0.00	0.00
FBC	134	31.26	3.76	19.07	45.92	0.00	0.00
FBC	135	31.65	7.16	20.28	40.92	0.00	0.00
FBC	136	32.08	4.60	18.38	44.94	0.00	0.00
FBC	137	32.56	6.64	18.54	42.25	0.00	0.00
FBC	138	31.20	6.59	17.46	44.75	0.00	0.00
FBC	139	30.07	6.16	18.02	45.75	0.00	0.00
FBC	140	31.48	7.45	17.81	43.26	0.00	0.00
FBC	141	33.27	5.02	19.24	42.46	0.00	0.00
FBC	142	32.12	6.41	18.55	42.93	0.00	0.00
FBC	143	31.99	6.24	19.79	41.98	0.00	0.00
FBC	144	30.32	6.71	22.84	40.14	0.00	0.00
FBC	145	33.24	5.60	20.26	40.90	0.00	0.00
FBC	146	29.98	6.18	17.53	46.31	0.00	0.00
FBC	147	31.31	7.70	19.30	41.68	0.00	0.00
FBC	148	27.01	6.94	20.61	45.44	0.00	0.00
FBC	149	29.15	6.11	20.39	44.35	0.00	0.00
FBC	150	22.91	5.03	21.51	50.56	0.00	0.00
FBC	151	15.83	5.76	23.02	55.40	0.00	0.00
# ACGT raw counters for first fragments. Use `grep ^FTC | cut -f 2-` to extract this part. The columns are: A,C,G,T,N base counters
FTC	59650	10733	35670	83387	0
# ACGT content per cycle for last fragments. Use `grep ^LBC | cut -f 2-` to extract this part. The columns are: cycle; A,C,G,T base counts as a percentage of all A/C/G/T bases [%]; and N and O counts as a percentage of all A/C/G/T bases [%]
LBC	1	31.71	26.19	8.63	33.47	0.00	0.00
LBC	2	41.05	20.24	5.87	32.84	0.00	0.00
LBC	3	43.03	19.89	5.87	31.21	0.00	0.00
LBC	4	40.48	22.43	7.15	29.94	0.00	0.00
LBC	5	40.62	19.89	5.38	34.11	0.00	0.00
LBC	6	41.47	20.67	6.23	31.63	0.00	0.00
LBC	7	40.48	18.26	6.23	35.03	0.00	0.00
LBC	8	45.15	17.13	5.59	32.13	0.00	0.00
LBC	9	41.61	18.40	5.17	34.82	0.00	0.00
LBC	10	42.82	17.41	6.23	33.55	0.00	0.00
LBC	11	45.15	17.91	6.79	30.15	0.00	0.00
LBC	12	41.19	20.45	6.16	32.20	0.00	0.00
LBC	13	42.11	19.32	6.37	32.20	0.00	0.00
LBC	14	44.59	20.38	7.78	27.25	0.00	0.00
LBC	15	41.47	19.82	5.80	32.91	0.00	0.00
LBC	16	41.54	18.12	7.29	33.05	0.00	0.00
LBC	17	44.73	19.96	7.01	28.31	0.00	0.00
LBC	18	43.81	18.97	5.52	31.71	0.00	0.00
LBC	19	43.38	18.83	5.02	32.77	0.00	0.00
LBC	20	42.60	18.05	6.79	32.55	0.00	0.00
LBC	21	43.67	19.96	5.17	31.21	0.00	0.00
LBC	22	40.41	20.67	6.23	32.70	0.00	0.00
LBC	23	41.97	19.39	6.37	32.27	0.00	0.00
LBC	24	41.47	19.89	7.08	31.56	0.00	0.00
LBC	25	47.20	17.76	4.60	30.43	0.00	0.00
LBC	26	44.23	20.17	6.58	29.02	0.00	0.00
LBC	27	41.57	22.10	6.44	29.89	0.00	0.00
LBC	28	44.33	17.56	6.16	31.94	0.00	0.00
LBC	29	43.91	18.06	5.81	32.22	0.00	0.00
LBC	30	43.48	19.33	6.02	31.16	0.00	0.00
LBC	31	42.35	20.11	5.95	31.59	0.00	0.00
LBC	32	44.76	18.56	6.09	30.59	0.00	0.00
LBC	33	42.71	19.62	5.10	32.58	0.00	0.00
LBC	34	43.56	19.90	4.82	31.73	0.00	0.00
LBC	35	42.78	18.48	7.29	31.44	0.00	0.00
LBC	36	42.17	19.56	7.09	31.18	0.00	0.00
LBC	37	43.89	19.53	6.25	30.33	0.00	0.00
LBC	38	39.91	20.17	5.68	34.23	0.00	0.00
LBC	39	42.54	20.17	5.40	31.89	0.00	0.00
LBC	40	44.19	18.96	5.99	30.86	0.00	0.00
LBC	41	44.43	17.50	7.29	30.79	0.00	0.00
LBC	42	44.85	18.60	7.15	29.40	0.00	0.00
LBC	43	45.28	18.53	5.36	30.83	0.00	0.00
LBC	44	45.21	18.60	5.22	30.97	0.00	0.00
LBC	45	41.52	18.10	5.89	34.48	0.00	0.00
LBC	46	43.02	22.20	5.42	29.36	0.00	0.00
LBC	47	41.97	20.48	6.08	31.48	0.00	0.00
LBC	48	42.29	18.32	5.87	33.53	0.00	0.00
LBC	49	42.80	21.51	5.72	29.98	0.00	0.00
LBC	50	43.88	18.97	4.42	32.73	0.00	0.00
LBC	51	44.11	18.82	6.61	30.45	0.00	0.00
LBC	52	43.89	17.92	5.78	32.41	0.00	0.00
LBC	53	43.23	19.59	4.57	32.62	0.00	0.00
LBC	54	42.93	20.77	6.19	30.12	0.00	0.00
LBC	55	45.80	17.53	7.00	29.68	0.00	0.00
LBC	56	44.80	18.13	5.31	31.76	0.00	0.00
LBC	57	46.84	16.43	6.02	30.71	0.00	0.00
LBC	58	42.08	18.59	6.10	33.23	0.00	0.00
LBC	59	45.29	17.71	4.86	32.14	0.00	0.00
LBC	60	42.87	18.04	5.36	33.74	0.00	0.00
LBC	61	45.26	18.50	5.61	30.63	0.00	0.00
LBC	62	42.65	19.27	6.02	32.06	0.00	0.00
LBC	63	45.68	18.52	5.51	30.30	0.00	0.00
LBC	64	44.68	19.43	6.12	29.76	0.00	0.00
LBC	65	42.68	19.39	6.67	31.26	0.00	0.00
LBC	66	40.71	19.89	6.14	33.26	0.00	0.00
LBC	67	43.85	17.85	5.85	32.46	0.00	0.00
LBC	68	45.25	19.61	4.40	30.73	0.00	0.00
LBC	69	41.50	20.32	5.26	32.92	0.00	0.00
LBC	70	42.95	18.32	7.17	31.57	0.00	0.00
LBC	71	40.52	19.20	6.87	33.41	0.00	0.00
LBC	72	42.83	17.46	4.93	34.77	0.00	0.00
LBC	73	43.17	18.84	5.57	32.42	0.00	0.00
LBC	74	42.77	18.66	4.58	33.99	0.00	0.00
LBC	75	42.88	20.25	5.54	31.33	0.00	0.00
LBC	76	46.04	18.43	5.38	30.14	0.00	0.00
LBC	77	42.10	19.86	6.04	32.01	0.00	0.00
LBC	78	42.49	18.59	6.67	32.25	0.00	0.00
LBC	79	42.80	18.77	6.21	32.22	0.00	0.00
LBC	80	41.81	21.98	5.84	30.38	0.00	0.00
LBC	81	43.75	17.87	5.53	32.85	0.00	0.00
LBC	82	44.12	16.26	5.15	34.46	0.00	0.00
LBC	83	44.99	16.64	5.98	32.39	0.00	0.00
LBC	84	43.70	18.09	5.57	32.63	0.00	0.00
LBC	85	42.60	18.76	6.14	32.50	0.00	0.00
LBC	86	42.19	19.03	6.32	32.47	0.00	0.00
LBC	87	41.86	19.68	5.26	33.20	0.00	0.00
LBC	88	41.71	20.00	4.31	33.98	0.00	0.00
LBC	89	41.78	19.05	5.56	33.61	0.00	0.00
LBC	90	44.80	19.16	6.72	29.32	0.00	0.00
LBC	91	43.69	16.39	6.48	33.44	0.00	0.00
LBC	92	43.80	18.73	6.49	30.98	0.00	0.00
LBC	93	43.09	18.91	6.74	31.25	0.00	0.00
LBC	94	44.33	18.83	5.18	31.66	0.00	0.00
LBC	95	42.67	19.03	4.94	33.36	0.00	0.00
LBC	96	45.53	18.46	4.64	31.37	0.00	0.00
LBC	97	43.59	19.47	4.99	31.95	0.00	0.00
LBC	98	43.19	19.38	6.68	30.74	0.00	0.00
LBC	99	43.77	19.75	5.19	31.30	0.00	0.00
LBC	100	41.76	18.66	5.80	33.78	0.00	0.00
LBC	101	44.14	18.87	5.48	31.51	0.00	0.00
LBC	102	44.21	18.34	5.66	31.78	0.00	0.00
LBC	103	44.37	18.88	5.17	31.58	0.00	0.00
LBC	104	45.11	19.06	6.47	29.36	0.00	0.00
LBC	105	43.21	18.53	5.98	32.28	0.00	0.00
LBC	106	42.26	17.79	6.24	33.70	0.00	0.00
LBC	107	40.82	21.36	5.92	31.90	0.00	0.00
LBC	108	42.86	18.24	6.28	32.62	0.00	0.00
LBC	109	41.86	20.07	5.51	32.56	0.00	0.00
LBC	110	45.42	18.51	5.45	30.62	0.00	0.00
LBC	111	42.11	19.15	5.03	33.71	0.00	0.00
LBC	112	42.93	18.21	5.64	33.22	0.00	0.00
LBC	113	41.89	18.13	6.85	33.13	0.00	0.00
LBC	114	42.31	19.03	5.39	33.28	0.00	0.00
LBC	115	44.01	18.02	5.34	32.63	0.00	0.00
LBC	116	42.34	16.73	6.87	34.07	0.00	0.00
LBC	117	41.89	18.78	6.08	33.25	0.00	0.00
LBC	118	40.37	19.61	5.74	34.28	0.00	0.00
LBC	119	43.93	18.69	5.49	31.89	0.00	0.00
LBC	120	40.98	20.71	6.04	32.27	0.00	0.00
LBC	121	42.56	17.28	5.88	34.28	0.00	0.00
LBC	122	43.00	17.57	6.78	32.65	0.00	0.00
LBC	123	43.51	18.89	4.48	33.12	0.00	0.00
LBC	124	42.52	20.50	4.74	32.23	0.00	0.00
LBC	125	45.29	17.31	5.20	32.20	0.00	0.00
LBC	126	43.59	17.15	4.78	34.48	0.00	0.00
LBC	127	40.90	19.55	6.06	33.48	0.00	0.00
LBC	128	42.01	18.51	6.17	33.30	0.00	0.00
LBC	129	39.21	19.93	5.48	35.37	0.00	0.00
LBC	130	43.04	18.32	5.49	33.15	0.00	0.00
LBC	131	40.77	19.65	6.06	33.52	0.00	0.00
LBC	132	43.29	17.21	6.01	33.49	0.00	0.00
LBC	133	41.98	16.87	5.38	35.77	0.00	0.00
LBC	134	42.10	17.38	4.55	35.97	0.00	0.00
LBC	135	42.05	18.79	5.21	33.95	0.00	0.00
LBC	136	38.77	20.22	5.22	35.79	0.00	0.00
LBC	137	39.91	19.72	5.82	34.55	0.00	0.00
LBC	138	42.90	18.09	6.72	32.29	0.00	0.00
LBC	139	41.98	20.32	4.77	32.92	0.00	0.00
LBC	140	41.00	17.71	6.93	34.36	0.00	0.00
LBC	141	41.98	19.24	5.05	33.72	0.00	0.00
LBC	142	41.22	19.82	5.89	33.07	0.00	0.00
LBC	143	39.00	18.81	5.57	36.62	0.00	0.00
LBC	144	42.17	19.38	6.63	31.83	0.00	0.00
LBC	145	39.84	19.10	5.95	35.11	0.00	0.00
LBC	146	40.67	19.71	5.53	34.10	0.00	0.00
LBC	147	40.65	19.03	6.24	34.09	0.00	0.00
LBC	148	41.96	18.08	5.36	34.60	0.00	0.00
LBC	149	40.05	20.62	6.04	33.29	0.00	0.00
LBC	150	25.28	28.02	7.09	39.61	0.32	0.00
LBC	151	11.47	28.18	9.48	50.87	0.00	0.00
# ACGT raw counters for last fragments. Use `grep ^LTC | cut -f 2-` to extract this part. The columns are: A,C,G,T,N base counters
LTC	80494	36018	11112	60949	2
# Insert sizes. Use `grep ^IS | cut -f 2-` to extract this part. The columns are: insert size, pairs total, inward oriented pairs, outward oriented pairs, other pairs
IS	0	0	0	0	0
IS	1	0	0	0	0
IS	2	0	0	0	0
IS	3	0	0	0	0
IS	4	0	0	0	0
IS	5	0	0	0	0
IS	6	0	0	0	0
IS	7	0	0	0	0
IS	8	0	0	0	0
IS	9	0	0	0	0
IS	10	0	0	0	0
IS	11	0	0	0	0
IS	12	0	0	0	0
IS	13	0	0	0	0
IS	14	0	0	0	0
IS	15	0	0	0	0
IS	16	0	0	0	0
IS	17	0	0	0	0
IS	18	0	0	0	0
IS	19	13	7	6	0
IS	20	0	0	0	0
IS	21	0	0	0	0
IS	22	0	0	0	0
IS	23	0	0	0	0
IS	24	1	1	0	0
IS	25	0	0	0	0
IS	26	1	1	0	0
IS	27	0	0	0	0
IS	28	1	1	0	0
IS	29	0	0	0	0
IS	30	0	0	0	0
IS	31	0	0	0	0
IS	32	0	0	0	0
IS	33	3	0	3	0
IS	34	0	0	0	0
IS	35	1	1	0	0
IS	36	0	0	0	0
IS	37	1	1	0	0
IS	38	0	0	0	0
IS	39	0	0	0	0
IS	40	2	2	0	0
IS	41	0	0	0	0
IS	42	0	0	0	0
IS	43	0	0	0	0
IS	44	4	4	0	0
IS	45	0	0	0	0
IS	46	1	1	0	0
IS	47	2	2	0	0
IS	48	0	0	0	0
IS	49	0	0	0	0
IS	50	0	0	0	0
IS	51	4	4	0	0
IS	52	7	7	0	0
IS	53	0	0	0	0
IS	54	0	0	0	0
IS	55	0	0	0	0
IS	56	0	0	0	0
IS	57	0	0	0	0
IS	58	0	0	0	0
IS	59	1	1	0	0
IS	60	9	4	5	0
IS	61	4	3	1	0
IS	62	2	2	0	0
IS	63	5	5	0	0
IS	64	0	0	0	0
IS	65	3	3	0	0
IS	66	0	0	0	0
IS	67	6	4	2	0
IS	68	1	1	0	0
IS	69	0	0	0	0
IS	70	6	6	0	0
IS	71	3	2	1	0
IS	72	5	5	0	0
IS	73	0	0	0	0
IS	74	2	0	2	0
IS	75	0	0	0	0
IS	76	0	0	0	0
IS	77	0	0	0	0
IS	78	0	0	0	0
IS	79	0	0	0	0
IS	80	3	3	0	0
IS	81	0	0	0	0
IS	82	3	3	0	0
IS	83	0	0	0	0
IS	84	0	0	0	0
IS	85	0	0	0	0
IS	86	0	0	0	0
IS	87	2	2	0	0
IS	88	3	3	0	0
IS	89	7	4	3	0
IS	90	0	0	0	0
IS	91	0	0	0	0
IS	92	1	0	1	0
IS	93	1	1	0	0
IS	94	0	0	0	0
IS	95	1	1	0	0
IS	96	3	3	0	0
IS	97	4	0	4	0
IS	98	2	2	0	0
IS	99	0	0	0	0
IS	100	0	0	0	0
IS	101	3	2	1	0
IS	102	5	2	3	0
IS	103	0	0	0	0
IS	104	0	0	0	0
IS	105	2	2	0	0
IS	106	2	1	1	0
IS	107	0	0	0	0
IS	108	0	0	0	0
IS	109	0	0	0	0
IS	110	4	3	1	0
IS	111	1	1	0	0
IS	112	2	2	0	0
IS	113	0	0	0	0
IS	114	0	0	0	0
IS	115	0	0	0	0
IS	116	1	1	0	0
IS	117	1	0	1	0
IS	118	2	2	0	0
IS	119	1	1	0	0
IS	120	1	1	0	0
IS	121	0	0	0	0
IS	122	0	0	0	0
IS	123	0	0	0	0
IS	124	0	0	0	0
IS	125	2	2	0	0
IS	126	0	0	0	0
IS	127	0	0	0	0
IS	128	2	2	0	0
IS	129	1	1	0	0
IS	130	1	1	0	0
IS	131	1	1	0	0
IS	132	2	2	0	0
IS	133	0	0	0	0
IS	134	2	2	0	0
IS	135	0	0	0	0
IS	136	3	0	3	0
IS	137	1	0	1	0
IS	138	3	2	1	0
IS	139	2	1	1	0
IS	140	1	1	0	0
IS	141	3	3	0	0
IS	142	2	0	2	0
IS	143	1	1	0	0
IS	144	2	2	0	0
IS	145	0	0	0	0
IS	146	2	2	0	0
IS	147	0	0	0	0
IS	148	1	1	0	0
IS	149	0	0	0	0
IS	150	2	2	0	0
IS	151	0	0	0	0
IS	152	2	2	0	0
IS	153	3	3	0	0
IS	154	1	1	0	0
IS	155	0	0	0	0
IS	156	1	1	0	0
IS	157	4	4	0	0
IS	158	2	2	0	0
IS	159	2	2	0	0
IS	160	0	0	0	0
IS	161	3	3	0	0
IS	162	3	3	0	0
IS	163	5	5	0	0
IS	164	3	3	0	0
IS	165	2	2	0	0
IS	166	6	6	0	0
IS	167	1	1	0	0
IS	168	1	1	0	0
IS	169	1	1	0	0
IS	170	3	3	0	0
IS	171	3	3	0	0
IS	172	0	0	0	0
IS	173	0	0	0	0
IS	174	2	2	0	0
IS	175	3	3	0	0
IS	176	0	0	0	0
IS	177	2	2	0	0
IS	178	0	0	0	0
IS	179	0	0	0	0
IS	180	0	0	0	0
IS	181	1	1	0	0
IS	182	1	1	0	0
IS	183	5	5	0	0
IS	184	1	1	0	0
IS	185	3	3	0	0
IS	186	0	0	0	0
IS	187	2	2	0	0
IS	188	3	3	0	0
IS	189	2	2	0	0
IS	190	1	1	0	0
IS	191	1	1	0	0
IS	192	4	4	0	0
IS	193	3	3	0	0
IS	194	3	3	0	0
IS	195	1	1	0	0
IS	196	1	1	0	0
IS	197	3	3	0	0
IS	198	2	2	0	0
IS	199	2	2	0	0
IS	200	3	3	0	0
IS	201	2	2	0	0
IS	202	6	6	0	0
IS	203	3	3	0	0
IS	204	3	3	0	0
IS	205	3	3	0	0
IS	206	3	3	0	0
IS	207	5	5	0	0
IS	208	1	1	0	0
IS	209	4	4	0	0
IS	210	4	4	0	0
IS	211	7	7	0	0
IS	212	2	2	0	0
IS	213	8	8	0	0
IS	214	0	0	0	0
IS	215	1	1	0	0
IS	216	5	5	0	0
IS	217	6	6	0	0
IS	218	3	3	0	0
IS	219	4	4	0	0
IS	220	6	6	0	0
IS	221	4	4	0	0
IS	222	2	2	0	0
IS	223	8	8	0	0
IS	224	11	11	0	0
IS	225	5	5	0	0
IS	226	8	8	0	0
IS	227	8	8	0	0
IS	228	9	9	0	0
IS	229	11	11	0	0
IS	230	19	19	0	0
IS	231	5	5	0	0
IS	232	5	5	0	0
IS	233	3	3	0	0
IS	234	4	4	0	0
IS	235	13	13	0	0
IS	236	8	8	0	0
IS	237	12	12	0	0
IS	238	4	4	0	0
IS	239	7	7	0	0
IS	240	11	11	0	0
IS	241	5	5	0	0
IS	242	4	4	0	0
IS	243	6	6	0	0
IS	244	3	3	0	0
IS	245	2	2	0	0
IS	246	3	3	0	0
IS	247	2	2	0	0
IS	248	2	2	0	0
IS	249	3	3	0	0
IS	250	3	3	0	0
IS	251	1	1	0	0
IS	252	4	4	0	0
IS	253	5	5	0	0
IS	254	2	2	0	0
IS	255	2	2	0	0
IS	256	2	2	0	0
IS	257	3	3	0	0
IS	258	3	3	0	0
IS	259	2	2	0	0
IS	260	0	0	0	0
IS	261	1	1	0	0
IS	262	1	1	0	0
IS	263	1	1	0	0
IS	264	0	0	0	0
IS	265	0	0	0	0
IS	266	2	2	0	0
IS	267	0	0	0	0
IS	268	2	2	0	0
IS	269	1	1	0	0
IS	270	0	0	0	0
IS	271	0	0	0	0
IS	272	0	0	0	0
IS	273	0	0	0	0
IS	274	0	0	0	0
IS	275	1	1	0	0
IS	276	0	0	0	0
IS	277	2	2	0	0
IS	278	0	0	0	0
IS	279	1	1	0	0
IS	280	0	0	0	0
IS	281	1	1	0	0
IS	282	0	0	0	0
IS	283	1	1	0	0
IS	284	1	1	0	0
IS	285	1	1	0	0
IS	286	0	0	0	0
IS	287	0	0	0	0
IS	288	1	1	0	0
IS	289	1	1	0	0
# Read lengths. Use `grep ^RL | cut -f 2-` to extract this part. The columns are: read length, count
RL	26	1
RL	31	1
RL	34	1
RL	35	1
RL	36	3
RL	37	2
RL	39	12
RL	40	9
RL	41	3
RL	42	1
RL	43	3
RL	44	6
RL	45	11
RL	46	6
RL	47	1
RL	48	1
RL	50	7
RL	51	14
RL	52	23
RL	53	4
RL	55	4
RL	56	12
RL	57	17
RL	58	12
RL	59	15
RL	60	18
RL	61	9
RL	62	11
RL	63	4
RL	64	2
RL	65	5
RL	66	7
RL	67	9
RL	68	3
RL	69	18
RL	70	7
RL	71	6
RL	72	7
RL	73	15
RL	74	7
RL	76	9
RL	77	1
RL	78	3
RL	79	13
RL	80	4
RL	81	11
RL	82	12
RL	84	1
RL	85	4
RL	86	3
RL	87	9
RL	88	10
RL	89	8
RL	90	2
RL	91	3
RL	92	6
RL	93	4
RL	94	5
RL	95	7
RL	96	9
RL	97	11
RL	98	5
RL	99	6
RL	100	7
RL	101	9
RL	102	4
RL	103	10
RL	104	4
RL	105	8
RL	106	8
RL	107	7
RL	108	7
RL	109	7
RL	110	4
RL	111	1
RL	113	8
RL	114	9
RL	115	11
RL	116	8
RL	117	4
RL	118	4
RL	119	6
RL	120	4
RL	121	6
RL	122	5
RL	123	1
RL	124	3
RL	125	12
RL	126	5
RL	127	5
RL	128	14
RL	129	3
RL	130	5
RL	131	17
RL	132	5
RL	133	4
RL	134	2
RL	135	4
RL	136	12
RL	137	16
RL	138	14
RL	139	19
RL	140	16
RL	141	19
RL	142	19
RL	143	21
RL	144	34
RL	145	28
RL	146	59
RL	147	86
RL	148	106
RL	149	373
RL	150	382
RL	151	957
# Read lengths - first fragments. Use `grep ^FRL | cut -f 2-` to extract this part. The columns are: read length, count
FRL	31	1
FRL	34	1
FRL	37	2
FRL	39	7
FRL	40	6
FRL	41	1
FRL	42	1
FRL	43	3
FRL	45	2
FRL	46	5
FRL	48	1
FRL	50	2
FRL	51	5
FRL	52	14
FRL	53	4
FRL	55	3
FRL	57	17
FRL	58	5
FRL	59	2
FRL	60	12
FRL	61	3
FRL	62	5
FRL	63	4
FRL	65	2
FRL	66	5
FRL	67	4
FRL	68	2
FRL	69	7
FRL	70	5
FRL	71	2
FRL	72	4
FRL	73	6
FRL	74	6
FRL	76	4
FRL	77	1
FRL	78	1
FRL	79	7
FRL	80	1
FRL	81	5
FRL	82	8
FRL	85	2
FRL	86	3
FRL	87	4
FRL	88	3
FRL	89	6
FRL	90	1
FRL	92	5
FRL	93	4
FRL	94	3
FRL	95	1
FRL	96	3
FRL	97	6
FRL	98	3
FRL	99	1
FRL	100	4
FRL	101	5
FRL	102	2
FRL	103	4
FRL	105	6
FRL	106	5
FRL	107	3
FRL	108	6
FRL	109	2
FRL	110	2
FRL	113	6
FRL	114	1
FRL	115	4
FRL	116	6
FRL	117	2
FRL	118	1
FRL	119	2
FRL	120	2
FRL	121	4
FRL	122	1
FRL	123	1
FRL	124	1
FRL	125	5
FRL	126	2
FRL	127	2
FRL	128	6
FRL	129	1
FRL	130	2
FRL	131	9
FRL	132	3
FRL	133	1
FRL	134	1
FRL	135	2
FRL	136	4
FRL	137	7
FRL	138	6
FRL	139	10
FRL	140	6
FRL	141	9
FRL	142	5
FRL	143	12
FRL	144	12
FRL	145	13
FRL	146	30
FRL	147	52
FRL	148	54
FRL	149	152
FRL	150	160
FRL	151	556
# Read lengths - last fragments. Use `grep ^LRL | cut -f 2-` to extract this part. The columns are: read length, count
LRL	26	1
LRL	35	1
LRL	36	3
LRL	39	5
LRL	40	3
LRL	41	2
LRL	44	6
LRL	45	9
LRL	46	1
LRL	47	1
LRL	50	5
LRL	51	9
LRL	52	9
LRL	55	1
LRL	56	12
LRL	58	7
LRL	59	13
LRL	60	6
LRL	61	6
LRL	62	6
LRL	64	2
LRL	65	3
LRL	66	2
LRL	67	5
LRL	68	1
LRL	69	11
LRL	70	2
LRL	71	4
LRL	72	3
LRL	73	9
LRL	74	1
LRL	76	5
LRL	78	2
LRL	79	6
LRL	80	3
LRL	81	6
LRL	82	4
LRL	84	1
LRL	85	2
LRL	87	5
LRL	88	7
LRL	89	2
LRL	90	1
LRL	91	3
LRL	92	1
LRL	94	2
LRL	95	6
LRL	96	6
LRL	97	5
LRL	98	2
LRL	99	5
LRL	100	3
LRL	101	4
LRL	102	2
LRL	103	6
LRL	104	4
LRL	105	2
LRL	106	3
LRL	107	4
LRL	108	1
LRL	109	5
LRL	110	2
LRL	111	1
LRL	113	2
LRL	114	8
LRL	115	7
LRL	116	2
LRL	117	2
LRL	118	3
LRL	119	4
LRL	120	2
LRL	121	2
LRL	122	4
LRL	124	2
LRL	125	7
LRL	126	3
LRL	127	3
LRL	128	8
LRL	129	2
LRL	130	3
LRL	131	8
LRL	132	2
LRL	133	3
LRL	134	1
LRL	135	2
LRL	136	8
LRL	137	9
LRL	138	8
LRL	139	9
LRL	140	10
LRL	141	10
LRL	142	14
LRL	143	9
LRL	144	22
LRL	145	15
LRL	146	29
LRL	147	34
LRL	148	52
LRL	149	221
LRL	150	222
LRL	151	401
# Indel distribution. Use `grep ^ID | cut -f 2-` to extract this part. The columns are: length, number of insertions, number of deletions
ID	1	21	39
ID	2	1	0
ID	3	1	0
# Indels per cycle. Use `grep ^IC | cut -f 2-` to extract this part. The columns are: cycle, number of insertions (fwd), .. (rev) , number of deletions (fwd), .. (rev)
IC	3	0	0	0	1
IC	18	1	0	0	0
IC	23	2	0	0	0
IC	25	0	1	0	0
IC	26	0	0	0	1
IC	28	0	0	0	2
IC	33	0	0	0	1
IC	38	0	0	2	0
IC	39	0	0	0	1
IC	46	0	0	0	1
IC	48	0	0	0	2
IC	49	0	0	0	1
IC	52	0	0	1	0
IC	63	0	1	0	0
IC	64	0	0	1	0
IC	66	0	2	0	0
IC	67	0	2	0	0
IC	68	0	1	3	0
IC	76	0	0	1	0
IC	77	0	0	1	2
IC	81	0	0	1	0
IC	86	0	1	0	0
IC	88	1	0	0	1
IC	90	0	0	1	0
IC	91	0	1	1	0
IC	97	0	0	0	1
IC	104	0	0	1	0
IC	105	2	0	0	0
IC	108	0	1	0	0
IC	109	0	1	1	0
IC	111	0	0	0	2
IC	112	0	0	1	0
IC	114	0	0	2	0
IC	116	0	0	1	0
IC	119	0	0	0	1
IC	120	0	1	0	1
IC	122	0	0	0	1
IC	124	0	0	0	1
IC	126	1	0	0	0
IC	129	1	0	0	0
IC	134	1	0	0	0
IC	139	0	0	1	0
IC	142	0	1	0	0
IC	146	1	0	0	0
# Coverage distribution. Use `grep ^COV | cut -f 2-` to extract this part.
COV	[1-1]	1	23
COV	[2-2]	2	58
COV	[3-3]	3	2
COV	[4-4]	4	29
COV	[5-5]	5	35
COV	[6-6]	6	55
COV	[7-7]	7	13
COV	[8-8]	8	89
COV	[9-9]	9	108
COV	[10-10]	10	40
COV	[11-11]	11	86
COV	[12-12]	12	27
COV	[13-13]	13	40
COV	[14-14]	14	116
COV	[15-15]	15	33
COV	[16-16]	16	103
COV	[17-17]	17	121
COV	[18-18]	18	145
COV	[19-19]	19	43
COV	[20-20]	20	64
COV	[21-21]	21	85
COV	[22-22]	22	85
COV	[23-23]	23	86
COV	[24-24]	24	93
COV	[25-25]	25	145
COV	[26-26]	26	135
COV	[27-27]	27	136
COV	[28-28]	28	161
COV	[29-29]	29	139
COV	[30-30]	30	130
COV	[31-31]	31	133
COV	[32-32]	32	142
COV	[33-33]	33	217
COV	[34-34]	34	152
COV	[35-35]	35	139
COV	[36-36]	36	168
COV	[37-37]	37	207
COV	[38-38]	38	172
COV	[39-39]	39	192
COV	[40-40]	40	149
COV	[41-41]	41	114
COV	[42-42]	42	93
COV	[43-43]	43	111
COV	[44-44]	44	92
COV	[45-45]	45	53
COV	[46-46]	46	40
COV	[47-47]	47	40
COV	[48-48]	48	31
COV	[49-49]	49	31
COV	[50-50]	50	19
COV	[51-51]	51	59
COV	[52-52]	52	59
COV	[53-53]	53	26
COV	[54-54]	54	28
COV	[55-55]	55	27
COV	[56-56]	56	26
COV	[57-57]	57	10
COV	[58-58]	58	5
COV	[59-59]	59	10
COV	[60-60]	60	6
COV	[61-61]	61	3
COV	[62-62]	62	3
COV	[63-63]	63	5
COV	[64-64]	64	6
COV	[65-65]	65	4
COV	[66-66]	66	4
COV	[67-67]	67	3
COV	[68-68]	68	9
COV	[69-69]	69	5
# GC-depth. Use `grep ^GCD | cut -f 2-` to extract this part. The columns are: GC%, unique sequence percentiles, 10th, 25th, 50th, 75th and 90th depth percentile
GCD	0.0	100.000	0.000	0.000	0.000	0.000	0.000
