# This file was produced by samtools stats (1.11+htslib-1.11) and can be plotted using plot-bamstats
# This file contains statistics for all reads.
# The command line was:  stats /home/data/t020329/ngs/new_meth/results/05_sorting_deduplication/SEsample.bwameth.sorted.markdup.bam
# CHK, Checksum	[2]Read Names	[3]Sequences	[4]Qualities
# CHK, CRC32 of reads which passed filtering followed by addition (32bit overflow)
CHK	13873fae	0c15b665	72772d0c
# Summary Numbers. Use `grep ^SN | cut -f 2-` to extract this part.
SN	raw total sequences:	2014
SN	filtered sequences:	0
SN	sequences:	2014
SN	is sorted:	1
SN	1st fragments:	2014
SN	last fragments:	0
SN	reads mapped:	792
SN	reads mapped and paired:	0	# paired-end technology bit set + both mates mapped
SN	reads unmapped:	1222
SN	reads properly paired:	0	# proper-pair bit set
SN	reads paired:	0	# paired-end technology bit set
SN	reads duplicated:	59	# PCR or optical duplicate bit set
SN	reads MQ0:	0	# mapped and MQ=0
SN	reads QC failed:	1
SN	non-primary alignments:	0
SN	total length:	193778	# ignores clipping
SN	total first fragment length:	193778	# ignores clipping
SN	total last fragment length:	0	# ignores clipping
SN	bases mapped:	76504	# ignores clipping
SN	bases mapped (cigar):	76272	# more accurate
SN	bases trimmed:	0
SN	bases duplicated:	5638
SN	mismatches:	198	# from NM fields
SN	error rate:	2.595972e-03	# mismatches / bases mapped (cigar)
SN	average length:	96
SN	average first fragment length:	96
SN	average last fragment length:	0
SN	maximum length:	100
SN	maximum first fragment length:	100
SN	maximum last fragment length:	0
SN	average quality:	35.2
SN	insert size average:	0.0
SN	insert size standard deviation:	0.0
SN	inward oriented pairs:	0
SN	outward oriented pairs:	0
SN	pairs with other orientation:	0
SN	pairs on different chromosomes:	0
SN	percentage of properly paired reads (%):	0.0
# First Fragment Qualities. Use `grep ^FFQ | cut -f 2-` to extract this part.
# Columns correspond to qualities and rows to cycles. First column is the cycle number.
FFQ	1	0	0	2	0	0	0	0	5	0	0	18	0	0	0	0	1	29	0	0	1	1	0	1	10	1	30	27	24	86	6	228	695	0	362	487	0	0	0	0	0	0	0	0
FFQ	2	0	0	0	0	0	0	0	1	0	0	12	0	1	0	0	1	22	0	0	0	1	0	6	12	1	26	23	47	63	13	163	680	0	256	686	0	0	0	0	0	0	0	0
FFQ	3	0	0	0	0	0	0	0	2	0	0	8	0	1	0	0	0	25	0	0	0	0	0	7	12	2	23	33	37	56	15	160	658	0	217	758	0	0	0	0	0	0	0	0
FFQ	4	0	0	0	0	0	0	0	1	0	0	9	0	1	0	0	0	6	5	1	13	0	0	7	1	1	8	17	3	30	1	41	11	87	74	0	647	0	1050	0	0	0	0	0
FFQ	5	0	0	1	0	0	0	0	3	0	0	18	0	0	0	0	0	9	4	2	7	2	0	7	2	0	12	20	6	38	2	33	9	84	90	0	645	0	1020	0	0	0	0	0
FFQ	6	0	0	0	0	0	0	0	2	5	0	12	8	0	2	0	2	3	15	0	9	0	2	3	10	1	18	9	6	17	8	42	15	85	87	0	602	75	976	0	0	0	0	0
FFQ	7	0	0	0	0	0	0	0	2	6	0	11	8	0	0	0	0	0	12	3	3	0	0	5	3	2	16	17	11	20	7	29	14	62	83	0	612	80	1008	0	0	0	0	0
FFQ	8	0	0	0	0	0	0	0	1	4	0	4	5	0	1	1	1	2	17	5	10	0	1	3	5	1	14	18	13	16	7	41	18	74	76	0	582	78	1016	0	0	0	0	0
FFQ	9	0	0	0	0	0	0	0	5	3	0	13	4	0	2	0	1	1	12	2	3	1	2	2	4	0	9	3	26	15	7	31	14	67	34	55	168	0	355	81	1094	0	0	0
FFQ	10	0	0	0	0	0	0	0	1	4	0	14	7	0	3	0	0	0	8	4	2	0	0	3	10	4	10	4	34	12	11	31	13	58	37	50	152	3	336	94	1109	0	0	0
FFQ	11	0	0	0	0	0	0	0	0	3	0	12	5	0	2	0	1	2	10	3	5	0	2	4	7	1	13	4	24	8	16	33	10	66	38	43	167	1	294	91	1149	0	0	0
FFQ	12	0	0	0	0	0	0	0	2	2	0	10	8	0	1	0	0	1	13	3	5	0	2	1	2	2	16	8	35	7	11	33	11	60	45	57	152	0	325	87	1115	0	0	0
FFQ	13	0	0	0	0	0	0	0	2	8	0	11	5	1	3	0	1	2	10	8	1	1	0	5	5	0	12	4	35	3	9	37	10	65	43	57	154	1	319	84	1118	0	0	0
FFQ	14	0	0	0	0	0	0	0	3	6	0	10	7	0	1	0	0	4	10	3	6	0	0	0	6	7	18	8	27	6	12	14	25	53	47	55	28	116	105	217	249	423	548	0
FFQ	15	0	0	0	0	0	0	0	0	7	1	10	5	0	0	0	0	3	12	5	7	0	1	6	2	6	13	4	42	9	13	23	29	55	39	65	26	98	112	275	203	395	548	0
FFQ	16	0	0	0	0	0	0	0	1	5	1	13	4	0	3	0	1	3	11	2	10	0	1	8	5	7	9	6	35	4	6	29	26	35	41	63	25	108	113	227	269	427	516	0
FFQ	17	0	0	0	0	0	0	0	2	7	0	10	5	0	3	0	0	6	16	3	4	2	1	3	5	4	18	5	34	6	10	19	15	50	53	44	31	125	109	249	245	411	519	0
FFQ	18	0	0	0	0	0	0	0	1	5	0	13	6	0	3	0	1	2	14	2	3	1	1	3	5	5	14	5	36	8	10	21	25	53	54	67	37	119	110	208	237	439	506	0
FFQ	19	0	0	0	0	0	0	0	1	5	0	14	4	0	0	1	1	6	2	8	8	0	3	3	7	4	13	5	45	2	9	24	23	60	25	77	27	88	117	153	294	410	575	0
FFQ	20	0	0	0	0	0	0	0	2	8	1	8	2	0	2	1	1	3	2	17	3	0	2	8	7	7	7	8	27	5	11	23	25	46	34	90	25	89	122	163	281	460	524	0
FFQ	21	0	0	0	0	0	0	0	1	7	1	9	5	0	1	1	2	3	0	13	8	0	2	5	4	10	13	4	36	4	8	34	21	44	41	83	31	79	116	171	301	426	530	0
FFQ	22	0	0	0	0	0	0	0	3	8	3	13	7	0	3	2	2	5	2	10	5	1	2	2	1	3	21	9	29	3	9	22	22	45	33	90	34	91	109	205	287	413	520	0
FFQ	23	0	0	0	0	0	0	0	0	7	4	5	3	0	2	0	4	4	5	13	14	1	2	3	4	8	24	5	30	2	7	32	34	45	34	76	41	75	112	186	275	417	540	0
FFQ	24	0	0	0	0	0	0	0	2	11	4	7	8	0	1	0	1	7	5	7	5	0	4	7	5	16	13	3	42	5	11	28	21	43	30	73	29	80	130	195	286	390	545	0
FFQ	25	0	0	1	0	0	0	1	0	9	3	8	3	1	2	0	5	5	3	10	5	0	2	7	7	14	12	8	26	9	8	34	31	46	37	81	30	110	107	205	297	365	522	0
FFQ	26	0	0	0	0	0	0	0	3	11	1	10	11	0	3	0	2	12	2	10	4	2	2	3	4	13	14	4	21	9	11	36	28	45	36	59	43	73	140	189	318	413	482	0
FFQ	27	0	0	0	0	0	0	2	4	7	2	14	3	0	3	1	3	8	1	6	7	0	2	8	8	18	11	5	40	6	12	44	32	46	48	66	45	85	119	200	275	398	485	0
FFQ	28	0	0	0	0	0	0	0	1	10	7	13	4	0	2	1	1	7	6	4	7	3	1	4	4	10	13	8	31	8	13	49	36	49	53	66	48	96	130	193	262	382	492	0
FFQ	29	0	0	0	0	0	0	1	4	8	3	8	2	1	2	2	1	10	11	4	5	2	0	3	11	8	16	6	11	12	10	46	29	40	39	74	52	81	118	199	310	416	469	0
FFQ	30	0	0	0	0	0	0	0	0	11	8	8	3	2	4	0	1	12	6	4	7	6	2	5	5	9	13	4	27	6	14	36	38	46	46	61	51	74	111	227	256	423	488	0
FFQ	31	0	0	0	0	0	0	1	0	10	8	12	1	2	1	0	5	5	7	7	3	0	0	3	7	12	24	12	27	6	12	46	24	41	55	69	58	89	129	223	232	412	470	0
FFQ	32	0	0	0	0	0	0	1	0	4	11	9	0	1	1	0	4	10	2	5	6	0	1	3	6	19	9	8	26	9	8	56	27	39	50	75	57	72	110	221	256	443	463	0
FFQ	33	0	0	0	0	0	0	0	3	11	15	6	0	0	2	1	3	7	4	4	7	1	2	5	6	16	19	6	22	11	17	60	30	38	51	58	55	101	114	229	232	415	460	0
FFQ	34	0	0	0	0	0	0	2	1	10	9	2	0	0	2	0	10	9	6	3	5	4	3	5	9	24	20	6	16	10	15	63	41	36	41	62	76	84	138	209	237	413	439	0
FFQ	35	0	0	0	0	0	1	0	1	14	10	3	0	1	2	3	8	10	1	8	9	3	3	7	9	15	22	6	21	15	13	57	29	29	58	64	68	84	130	232	243	381	449	0
FFQ	36	0	0	1	0	0	0	1	5	8	13	3	0	0	0	0	10	11	1	4	5	0	3	5	9	29	18	9	20	10	13	66	31	40	55	56	72	77	129	256	218	419	411	0
FFQ	37	0	0	1	0	0	0	1	3	13	20	1	0	0	1	0	5	9	3	6	2	1	5	10	8	15	18	3	14	14	13	62	41	24	55	60	76	68	130	235	235	424	427	0
FFQ	38	0	0	0	0	0	0	0	1	13	10	0	0	0	4	1	11	10	1	7	12	2	3	2	7	13	24	7	25	12	12	57	34	32	54	65	73	69	130	241	215	420	433	0
FFQ	39	0	0	0	0	0	0	2	1	11	22	0	0	0	5	2	3	7	0	4	9	1	7	6	13	21	13	6	13	15	15	70	30	28	58	50	86	80	121	216	222	434	427	0
FFQ	40	0	0	0	0	0	0	2	0	14	12	0	0	1	2	2	6	8	2	4	6	2	3	11	12	22	22	7	19	15	12	63	36	24	51	56	83	71	124	228	235	423	413	0
FFQ	41	0	0	0	0	0	0	0	1	12	14	0	0	0	1	1	8	6	0	8	11	3	5	11	9	18	15	18	11	15	16	56	29	26	68	67	96	60	135	229	227	422	392	0
FFQ	42	0	0	0	0	0	0	1	3	10	13	0	1	0	8	0	9	8	2	1	4	3	3	5	8	17	17	14	17	23	11	60	25	32	68	56	97	65	138	225	237	409	399	0
FFQ	43	0	0	0	0	0	0	1	3	11	7	0	1	0	3	1	10	5	0	1	5	2	2	7	11	19	16	13	16	19	17	64	31	16	72	59	107	60	149	234	211	404	411	0
FFQ	44	0	0	0	0	0	0	0	3	9	12	0	1	1	6	1	11	0	3	2	7	5	5	5	9	13	11	10	15	19	19	47	28	30	72	56	94	73	150	213	224	407	423	0
FFQ	45	0	0	0	0	0	0	1	3	11	6	0	0	1	2	1	8	3	1	7	9	1	5	13	10	10	8	16	10	24	16	52	35	25	73	53	108	70	131	255	207	402	404	0
FFQ	46	0	0	0	0	0	0	1	6	9	18	0	0	0	4	2	6	2	1	3	6	2	4	10	8	18	7	15	6	19	17	59	35	25	65	67	111	83	115	213	223	428	393	0
FFQ	47	0	0	0	0	0	0	3	4	11	5	0	0	0	6	2	11	1	1	4	4	2	3	6	11	22	6	16	16	21	16	59	31	34	58	52	103	69	121	217	259	400	404	0
FFQ	48	0	0	0	0	0	0	0	3	10	10	0	1	1	2	2	12	0	1	2	5	4	4	9	8	20	7	15	17	18	12	57	40	34	56	54	108	75	134	212	246	418	378	0
FFQ	49	0	0	0	0	0	0	2	5	6	10	0	0	1	4	3	10	1	4	0	4	5	1	11	13	12	4	13	14	17	13	42	40	44	85	62	113	82	125	207	236	418	367	0
FFQ	50	0	0	0	0	0	1	0	5	7	10	0	0	1	4	3	10	0	0	7	7	6	6	12	9	12	8	13	13	24	15	44	42	36	59	52	100	91	163	206	251	415	342	0
FFQ	51	0	0	0	0	0	0	0	5	12	5	1	0	1	6	5	2	3	0	4	0	2	3	11	6	16	6	17	20	21	21	46	28	43	84	68	95	103	149	173	257	403	358	0
FFQ	52	0	0	0	0	0	0	1	5	8	7	0	2	0	3	3	7	1	0	4	5	2	7	11	11	20	2	18	12	24	27	38	31	47	56	71	120	91	149	205	255	367	364	0
FFQ	53	0	0	0	0	0	1	4	2	7	8	0	1	2	4	1	1	1	3	1	10	2	3	7	10	18	1	27	15	20	20	47	33	26	86	88	111	103	153	164	259	393	340	0
FFQ	54	0	0	0	0	0	0	2	4	4	7	1	0	1	4	0	7	4	1	5	7	1	6	8	12	12	2	17	16	32	23	52	47	35	63	87	111	110	160	192	248	382	304	0
FFQ	55	0	0	0	0	0	0	2	6	8	7	0	3	1	6	3	3	2	0	5	5	7	5	5	13	9	7	22	12	26	25	43	35	38	70	86	126	105	168	188	251	364	310	0
FFQ	56	0	0	0	0	0	0	4	4	10	3	0	2	1	10	3	3	2	1	10	2	7	2	9	8	13	6	25	11	27	34	42	38	37	59	101	130	117	146	183	270	350	292	0
FFQ	57	0	0	1	0	0	0	3	5	4	2	0	2	4	5	4	2	0	1	3	6	9	4	10	16	8	7	21	10	33	35	34	55	42	73	84	141	114	159	163	255	333	314	0
FFQ	58	0	0	1	0	0	0	2	7	14	7	0	1	3	9	1	1	1	1	4	2	6	3	16	10	7	6	27	12	33	35	30	56	57	79	108	135	117	149	158	250	340	274	0
FFQ	59	0	0	2	0	0	0	1	11	11	4	0	1	4	7	4	0	3	0	10	6	6	2	9	16	14	5	37	6	26	30	32	44	43	74	103	140	121	184	170	250	304	277	0
FFQ	60	0	0	1	0	0	0	3	8	12	2	0	0	3	8	4	2	2	2	3	5	18	4	11	2	6	8	40	11	31	42	43	41	44	77	121	145	125	162	147	237	317	269	0
FFQ	61	0	0	0	0	0	1	3	12	19	3	0	0	2	9	5	2	1	1	6	5	2	6	19	14	7	9	29	13	28	42	34	55	53	63	105	170	133	157	192	207	279	265	0
FFQ	62	0	0	0	0	0	1	1	7	9	2	2	3	4	12	3	0	1	1	4	6	10	5	13	14	6	11	35	17	33	35	37	69	50	66	133	179	139	158	147	229	268	239	0
FFQ	63	0	0	0	0	0	0	0	8	13	2	0	6	2	12	5	3	2	1	6	5	7	7	12	12	5	8	37	10	36	31	28	52	69	65	141	187	158	162	151	199	271	234	0
FFQ	64	0	0	0	0	0	1	1	4	17	0	0	1	3	10	3	1	1	1	11	4	9	12	9	10	9	10	41	9	33	28	30	60	71	62	130	202	144	146	143	267	256	202	0
FFQ	65	0	0	0	0	0	1	4	10	14	1	1	4	2	14	3	0	0	1	3	4	8	4	18	13	10	7	34	4	38	35	29	68	52	67	138	212	169	162	144	234	221	212	0
FFQ	66	0	0	0	0	0	1	0	11	14	2	1	4	1	6	3	1	1	3	7	3	6	9	9	13	8	6	33	10	41	36	35	67	64	92	154	219	175	137	129	236	203	197	0
FFQ	67	0	0	0	0	0	1	0	13	15	1	2	1	3	8	1	3	0	2	4	3	11	7	7	11	8	16	32	8	40	45	37	65	73	76	179	231	160	144	114	285	179	149	0
FFQ	68	0	0	0	0	0	1	1	17	14	0	2	3	3	14	1	3	1	1	4	3	11	4	12	10	8	17	39	10	32	41	33	68	66	72	191	236	195	152	104	236	189	135	0
FFQ	69	0	0	0	0	0	0	3	5	15	0	4	2	0	8	1	1	1	5	8	9	10	10	15	10	3	16	41	8	31	44	42	68	66	90	189	247	181	172	113	233	151	125	0
FFQ	70	0	0	0	0	0	0	3	9	9	0	2	4	7	6	0	1	0	3	4	5	11	2	15	10	9	14	33	9	31	41	39	86	73	96	198	259	184	179	104	211	154	114	0
FFQ	71	0	0	0	0	0	0	3	11	13	0	2	6	2	6	4	2	1	0	9	9	6	8	14	8	12	15	48	9	23	42	47	66	63	86	192	296	199	165	97	228	139	93	0
FFQ	72	0	0	0	0	0	1	3	11	15	0	2	2	0	6	3	1	0	1	7	2	22	8	8	8	5	13	35	13	22	59	50	64	80	78	228	287	202	169	93	198	126	98	0
FFQ	73	0	0	0	0	0	0	2	12	9	0	0	0	1	10	2	0	2	1	10	4	15	12	14	8	2	16	35	8	31	57	52	67	90	79	228	292	211	161	91	185	125	83	0
FFQ	74	0	0	0	0	0	0	3	21	11	0	1	1	0	5	1	2	2	1	10	4	10	5	13	6	6	21	48	5	33	55	39	85	70	90	231	338	194	166	72	178	98	86	0
FFQ	75	0	0	0	0	0	1	2	13	7	0	4	3	2	5	3	2	1	1	4	6	17	7	12	7	4	26	35	14	26	59	54	100	76	92	245	337	188	163	82	147	89	73	0
FFQ	76	0	0	0	0	0	2	5	22	9	0	6	5	4	14	2	3	1	4	11	22	47	18	47	24	20	45	125	25	79	138	95	133	146	81	250	170	115	62	42	80	37	8	0
FFQ	77	0	0	0	0	0	1	4	14	10	0	2	3	7	8	1	2	1	3	11	15	28	9	25	10	13	21	82	12	47	98	95	138	155	122	327	204	145	62	57	130	24	10	0
FFQ	78	0	0	0	0	0	1	3	20	10	0	5	5	0	5	1	1	2	2	15	12	24	11	19	10	7	39	59	15	51	87	67	108	113	118	295	299	185	78	44	126	43	11	0
FFQ	79	0	0	0	0	0	0	3	15	7	0	4	3	6	5	3	1	0	4	8	6	15	9	20	15	7	29	50	16	29	85	64	110	105	104	305	340	196	97	37	121	48	23	0
FFQ	80	0	0	2	0	0	1	1	14	1	0	5	2	3	7	1	1	2	4	9	6	15	9	16	5	12	26	51	9	36	67	59	110	112	97	294	370	219	111	33	110	43	25	0
FFQ	81	0	0	2	0	0	0	0	13	7	0	4	1	3	5	0	3	2	9	7	8	15	14	8	6	12	26	54	16	15	68	76	95	114	108	291	380	209	117	38	112	28	18	0
FFQ	82	0	0	2	0	0	2	0	16	2	0	7	3	2	5	2	0	2	4	9	7	17	5	15	12	12	30	59	11	23	89	55	76	101	105	273	423	228	121	26	100	25	12	0
FFQ	83	0	0	0	0	0	0	1	17	3	0	7	7	4	5	0	4	0	3	7	9	10	8	9	10	13	39	45	16	24	88	60	106	101	103	295	438	194	114	20	86	17	16	0
FFQ	84	0	0	0	0	0	2	2	18	1	0	4	7	1	6	1	3	3	7	20	5	18	8	12	3	9	31	47	13	15	84	54	99	112	114	301	480	189	86	11	79	14	15	0
FFQ	85	0	0	0	0	0	1	2	19	5	0	3	2	3	2	0	1	0	4	10	7	21	10	8	13	7	30	55	26	29	96	58	114	98	130	288	470	168	106	8	62	6	11	0
FFQ	86	0	0	0	0	0	4	1	17	6	0	5	1	2	1	0	0	2	7	16	16	18	6	8	12	10	28	44	19	17	78	49	118	134	115	316	455	199	88	10	53	8	4	0
FFQ	87	0	0	0	0	0	1	2	19	5	0	6	2	5	2	0	1	1	6	14	13	16	7	9	12	10	39	43	28	14	100	52	109	102	119	310	474	188	91	5	53	3	3	0
FFQ	88	0	0	0	0	0	1	0	17	5	0	7	2	3	3	0	4	2	2	14	12	20	8	8	10	13	43	44	29	15	87	55	97	104	121	324	501	173	87	8	35	4	1	0
FFQ	89	0	0	0	0	0	5	1	18	2	0	7	5	3	3	1	7	1	3	9	10	16	9	8	19	12	31	44	26	13	95	53	89	108	126	342	487	172	88	8	27	1	1	0
FFQ	90	0	0	0	0	0	3	0	10	1	0	3	3	3	2	0	5	1	7	11	16	20	6	7	17	13	43	50	14	15	96	53	104	117	136	319	498	171	72	3	19	4	1	0
FFQ	91	0	0	0	0	0	2	1	18	1	0	7	2	2	2	1	4	2	5	11	12	15	4	5	14	12	46	42	23	11	92	58	117	104	113	352	496	170	73	1	12	3	1	0
FFQ	92	0	0	0	0	0	3	1	21	1	0	7	5	1	0	1	0	0	2	17	12	20	5	0	10	11	40	35	35	11	86	52	109	113	127	365	513	151	52	4	12	0	0	0
FFQ	93	0	0	0	0	0	2	0	14	0	0	7	4	3	1	1	2	0	2	7	11	20	7	3	19	17	41	41	24	8	91	53	96	104	136	366	547	128	47	1	6	0	0	0
FFQ	94	0	0	0	0	0	2	0	13	1	0	6	1	3	3	1	4	1	4	18	11	18	9	2	10	8	45	29	27	7	80	56	110	114	134	346	552	146	29	1	7	0	0	0
FFQ	95	0	0	0	0	0	1	0	8	0	0	2	4	0	2	0	3	0	7	8	11	18	3	3	13	14	50	37	23	10	92	52	103	85	137	367	551	145	27	1	4	0	0	0
FFQ	96	0	0	0	0	0	1	0	12	1	0	2	0	1	0	0	3	1	8	14	6	21	1	0	12	9	47	29	28	4	92	42	108	105	126	350	579	125	37	0	2	0	0	0
FFQ	97	0	0	0	0	0	1	2	5	0	0	3	2	0	1	0	1	1	4	9	11	16	3	4	13	11	35	20	30	4	91	50	115	100	116	357	566	128	31	0	3	0	0	0
FFQ	98	0	0	0	0	0	1	0	2	0	0	1	1	0	1	1	1	1	1	11	9	16	2	1	12	6	42	11	31	5	82	46	123	108	113	338	547	127	24	0	1	0	0	0
FFQ	99	0	0	0	0	0	0	0	0	0	0	0	0	0	0	0	0	1	1	6	6	8	0	0	7	13	42	12	21	3	67	45	101	98	104	309	530	100	26	0	0	0	0	0
FFQ	100	0	0	0	0	0	0	0	0	0	0	0	0	0	0	0	0	0	0	0	0	27	2	5	14	4	32	16	26	7	70	43	74	76	64	201	272	87	15	0	0	0	0	0
# Last Fragment Qualities. Use `grep ^LFQ | cut -f 2-` to extract this part.
# Columns correspond to qualities and rows to cycles. First column is the cycle number.
# GC Content of first fragments. Use `grep ^GCF | cut -f 2-` to extract this part.
GCF	1.26	1
GCF	3.77	0
GCF	5.53	1
GCF	6.28	3
GCF	7.04	4
GCF	7.79	6
GCF	8.29	8
GCF	8.79	10
GCF	9.30	11
GCF	9.80	15
GCF	10.30	14
GCF	10.80	18
GCF	11.31	22
GCF	11.81	26
GCF	12.31	25
GCF	12.81	34
GCF	13.32	41
GCF	13.82	39
GCF	14.32	45
GCF	14.82	60
GCF	15.33	68
GCF	15.83	66
GCF	16.33	69
GCF	16.83	73
GCF	17.34	69
GCF	17.84	79
GCF	18.34	97
GCF	18.84	108
GCF	19.35	99
GCF	20.10	104
GCF	20.85	97
GCF	21.36	99
GCF	21.86	119
GCF	22.36	130
GCF	22.86	134
GCF	23.37	119
GCF	23.87	97
GCF	24.37	109
GCF	24.87	115
GCF	25.38	111
GCF	25.88	116
GCF	26.38	124
GCF	26.88	113
GCF	27.39	98
GCF	27.89	89
GCF	28.39	84
GCF	28.89	68
GCF	29.40	74
GCF	29.90	86
GCF	30.40	83
GCF	30.90	91
GCF	31.41	92
GCF	31.91	71
GCF	32.41	64
GCF	32.91	56
GCF	33.42	54
GCF	33.92	56
GCF	34.42	46
GCF	34.92	25
GCF	35.43	20
GCF	36.18	31
GCF	36.93	39
GCF	37.44	40
GCF	37.94	23
GCF	38.44	17
GCF	38.94	20
GCF	39.45	18
GCF	39.95	14
GCF	40.45	16
GCF	40.95	10
GCF	41.46	9
GCF	41.96	8
GCF	42.71	6
GCF	43.72	8
GCF	44.47	3
GCF	44.97	2
GCF	45.48	1
GCF	46.23	0
GCF	47.24	1
# GC Content of last fragments. Use `grep ^GCL | cut -f 2-` to extract this part.
# ACGT content per cycle. Use `grep ^GCC | cut -f 2-` to extract this part. The columns are: cycle; A,C,G,T base counts as a percentage of all A/C/G/T bases [%]; and N and O counts as a percentage of all A/C/G/T bases [%]
GCC	1	34.34	5.82	15.66	44.18	0.10	0.00
GCC	2	32.03	7.45	19.96	40.57	0.00	0.00
GCC	3	31.23	6.55	18.12	44.09	0.00	0.00
GCC	4	31.33	6.41	19.36	42.90	0.00	0.00
GCC	5	31.94	5.81	19.47	42.77	0.05	0.00
GCC	6	31.58	6.36	18.57	43.50	0.00	0.00
GCC	7	30.24	5.71	19.12	44.94	0.00	0.00
GCC	8	32.62	6.11	16.43	44.84	0.00	0.00
GCC	9	31.33	5.96	18.77	43.94	0.00	0.00
GCC	10	30.64	6.16	17.83	45.38	0.00	0.00
GCC	11	33.96	4.87	16.93	44.24	0.00	0.00
GCC	12	32.13	5.11	18.17	44.59	0.00	0.00
GCC	13	32.77	5.56	16.63	45.03	0.00	0.00
GCC	14	31.48	6.31	17.92	44.29	0.00	0.00
GCC	15	31.68	5.91	18.47	43.94	0.00	0.00
GCC	16	31.33	6.50	18.17	43.99	0.00	0.00
GCC	17	30.78	6.41	18.32	44.49	0.00	0.00
GCC	18	29.84	5.91	18.37	45.88	0.00	0.00
GCC	19	30.19	5.86	19.22	44.74	0.00	0.00
GCC	20	32.92	5.86	19.46	41.76	0.00	0.00
GCC	21	31.63	5.66	18.17	44.54	0.00	0.00
GCC	22	32.13	6.16	17.63	44.09	0.00	0.00
GCC	23	32.32	6.06	19.61	42.01	0.00	0.00
GCC	24	31.58	5.66	18.27	44.49	0.00	0.00
GCC	25	30.85	6.76	18.03	44.36	0.05	0.00
GCC	26	31.38	6.95	19.17	42.50	0.00	0.00
GCC	27	34.41	5.36	18.57	41.66	0.00	0.00
GCC	28	31.38	5.21	18.87	44.54	0.00	0.00
GCC	29	31.48	6.85	18.42	43.25	0.00	0.00
GCC	30	31.68	5.96	19.96	42.40	0.00	0.00
GCC	31	31.15	6.11	18.18	44.56	0.00	0.00
GCC	32	31.16	6.21	19.38	43.24	0.00	0.00
GCC	33	32.82	6.91	19.19	41.07	0.00	0.00
GCC	34	31.39	6.12	19.35	43.13	0.00	0.00
GCC	35	31.26	5.48	18.42	44.85	0.00	0.00
GCC	36	30.79	7.67	18.88	42.65	0.05	0.00
GCC	37	30.72	6.04	18.98	44.26	0.05	0.00
GCC	38	30.50	7.10	17.65	44.75	0.00	0.00
GCC	39	32.03	6.16	19.07	42.74	0.00	0.00
GCC	40	31.29	5.93	18.73	44.05	0.00	0.00
GCC	41	32.61	5.73	18.69	42.96	0.00	0.00
GCC	42	32.53	6.39	19.66	41.43	0.00	0.00
GCC	43	31.69	5.23	19.87	43.21	0.00	0.00
GCC	44	32.21	6.05	17.54	44.20	0.00	0.00
GCC	45	30.94	5.50	18.73	44.83	0.00	0.00
GCC	46	33.47	6.01	18.83	41.70	0.00	0.00
GCC	47	33.27	6.42	15.77	44.54	0.00	0.00
GCC	48	33.11	5.77	18.53	42.58	0.00	0.00
GCC	49	30.34	6.84	17.78	45.04	0.00	0.00
GCC	50	31.10	5.88	17.83	45.19	0.00	0.00
GCC	51	31.21	5.57	17.88	45.34	0.00	0.00
GCC	52	31.97	6.18	18.69	43.16	0.00	0.00
GCC	53	31.19	6.74	17.60	44.47	0.00	0.00
GCC	54	31.93	6.35	19.52	42.20	0.00	0.00
GCC	55	29.65	6.21	18.97	45.17	0.00	0.00
GCC	56	30.02	6.32	18.65	45.01	0.00	0.00
GCC	57	31.36	6.22	19.33	43.09	0.05	0.00
GCC	58	30.75	6.17	18.97	44.11	0.05	0.00
GCC	59	33.35	6.55	18.11	41.99	0.10	0.00
GCC	60	30.74	6.04	19.95	43.27	0.05	0.00
GCC	61	30.60	5.54	19.32	44.54	0.00	0.00
GCC	62	31.45	6.26	19.14	43.15	0.00	0.00
GCC	63	32.41	5.08	19.11	43.40	0.00	0.00
GCC	64	29.21	6.85	17.16	46.78	0.00	0.00
GCC	65	30.40	6.23	17.98	45.39	0.00	0.00
GCC	66	29.89	6.76	17.66	45.69	0.00	0.00
GCC	67	33.20	5.58	17.63	43.59	0.00	0.00
GCC	68	33.18	5.70	18.30	42.82	0.00	0.00
GCC	69	33.26	5.60	19.15	41.98	0.00	0.00
GCC	70	33.71	5.35	19.69	41.25	0.00	0.00
GCC	71	32.38	5.87	18.97	42.78	0.00	0.00
GCC	72	33.28	5.42	18.59	42.71	0.00	0.00
GCC	73	32.06	5.59	18.22	44.13	0.00	0.00
GCC	74	33.23	5.55	18.52	42.70	0.00	0.00
GCC	75	33.51	5.56	18.41	42.53	0.00	0.00
GCC	76	30.73	6.38	19.45	43.44	0.00	0.00
GCC	77	34.07	6.12	18.78	41.03	0.00	0.00
GCC	78	31.20	6.50	18.19	44.10	0.00	0.00
GCC	79	32.06	5.77	18.94	43.23	0.00	0.00
GCC	80	31.97	5.36	18.72	43.96	0.11	0.00
GCC	81	32.41	5.21	19.34	43.04	0.11	0.00
GCC	82	34.27	5.75	17.67	42.31	0.11	0.00
GCC	83	33.00	6.39	18.89	41.72	0.00	0.00
GCC	84	30.84	5.02	19.37	44.77	0.00	0.00
GCC	85	32.30	5.61	19.49	42.61	0.00	0.00
GCC	86	32.30	5.52	17.89	44.30	0.00	0.00
GCC	87	32.14	6.17	18.62	43.08	0.00	0.00
GCC	88	31.09	5.86	19.04	44.00	0.00	0.00
GCC	89	31.73	6.22	16.49	45.57	0.00	0.00
GCC	90	32.07	5.86	19.32	42.76	0.00	0.00
GCC	91	31.08	6.00	18.10	44.82	0.00	0.00
GCC	92	30.57	6.59	18.83	44.02	0.00	0.00
GCC	93	31.18	5.53	18.85	44.44	0.00	0.00
GCC	94	32.04	6.45	16.57	44.94	0.00	0.00
GCC	95	29.53	6.29	17.97	46.21	0.00	0.00
GCC	96	32.28	6.23	18.86	42.64	0.00	0.00
GCC	97	32.89	5.60	17.54	43.97	0.00	0.00
GCC	98	30.15	5.53	18.20	46.13	0.00	0.00
GCC	99	28.80	6.00	17.33	47.87	0.00	0.00
GCC	100	17.10	6.96	15.75	60.19	0.00	0.00
# ACGT content per cycle, read oriented. Use `grep ^GCT | cut -f 2-` to extract this part. The columns are: cycle; A,C,G,T base counts as a percentage of all A/C/G/T bases [%]
GCT	1	32.11	1.24	20.23	46.42
GCT	2	29.74	1.54	25.87	42.85
GCT	3	27.46	1.14	23.54	47.86
GCT	4	28.80	1.04	24.73	45.43
GCT	5	28.27	1.09	24.19	46.45
GCT	6	27.31	1.54	23.39	47.77
GCT	7	26.61	1.04	23.78	48.56
GCT	8	29.05	1.39	21.15	48.41
GCT	9	26.56	0.84	23.88	48.71
GCT	10	26.42	1.19	22.79	49.60
GCT	11	30.24	0.70	21.10	47.96
GCT	12	28.25	0.89	22.39	48.46
GCT	13	26.51	1.04	21.15	51.29
GCT	14	28.75	1.44	22.79	47.02
GCT	15	28.10	1.19	23.19	47.52
GCT	16	27.56	1.19	23.49	47.77
GCT	17	27.51	1.09	23.63	47.77
GCT	18	26.46	0.99	23.29	49.26
GCT	19	27.71	0.84	24.23	47.22
GCT	20	25.97	1.24	24.08	48.71
GCT	21	26.91	0.99	22.84	49.26
GCT	22	28.90	1.59	22.19	47.32
GCT	23	28.75	0.94	24.73	45.58
GCT	24	28.90	1.24	22.69	47.17
GCT	25	27.82	1.09	23.70	47.39
GCT	26	26.76	1.39	24.73	47.12
GCT	27	31.63	0.65	23.29	44.44
GCT	28	28.20	1.29	22.79	47.72
GCT	29	27.56	1.39	23.88	47.17
GCT	30	27.71	1.34	24.58	46.38
GCT	31	26.48	1.19	23.10	49.23
GCT	32	27.14	1.64	23.96	47.27
GCT	33	28.49	1.44	24.66	45.40
GCT	34	28.26	1.04	24.43	46.27
GCT	35	29.82	1.19	22.70	46.29
GCT	36	27.25	1.49	25.06	46.19
GCT	37	27.17	0.75	24.28	47.80
GCT	38	26.45	1.10	23.65	48.80
GCT	39	27.43	1.20	24.02	47.35
GCT	40	27.98	0.65	24.01	47.36
GCT	41	28.29	0.85	23.57	47.29
GCT	42	28.56	1.46	24.59	45.40
GCT	43	27.62	0.80	24.30	47.28
GCT	44	27.47	1.21	22.38	48.94
GCT	45	27.21	0.61	23.62	48.56
GCT	46	28.32	1.01	23.83	46.85
GCT	47	29.58	1.11	21.08	48.23
GCT	48	27.39	0.96	23.34	48.30
GCT	49	26.70	1.37	23.25	48.68
GCT	50	28.82	1.06	22.64	47.47
GCT	51	27.71	1.17	22.29	48.83
GCT	52	27.91	1.01	23.86	47.21
GCT	53	26.01	1.37	22.97	49.65
GCT	54	27.91	1.22	24.66	46.21
GCT	55	26.14	0.86	24.31	48.68
GCT	56	27.68	1.22	23.75	47.35
GCT	57	27.69	0.82	24.73	46.76
GCT	58	26.82	1.33	23.81	48.04
GCT	59	29.16	0.92	23.73	46.19
GCT	60	27.37	1.13	24.86	46.65
GCT	61	26.35	1.74	23.12	48.80
GCT	62	26.48	1.03	24.37	48.13
GCT	63	27.48	0.87	23.32	48.33
GCT	64	25.45	1.60	22.41	50.54
GCT	65	27.20	1.44	22.77	48.58
GCT	66	24.68	1.08	23.34	50.90
GCT	67	29.58	1.19	22.03	47.21
GCT	68	28.10	1.19	22.81	47.90
GCT	69	28.96	0.99	23.77	46.29
GCT	70	29.40	1.04	24.00	45.56
GCT	71	27.86	1.04	23.80	47.30
GCT	72	28.54	0.78	23.23	47.45
GCT	73	28.62	1.25	22.56	47.57
GCT	74	28.31	1.10	22.97	47.62
GCT	75	27.90	0.89	23.07	48.14
GCT	76	26.67	1.21	24.62	47.50
GCT	77	29.27	1.05	23.84	45.83
GCT	78	27.71	1.00	23.69	47.59
GCT	79	28.04	1.01	23.70	47.25
GCT	80	26.78	1.01	23.06	49.15
GCT	81	26.20	1.38	23.17	49.26
GCT	82	27.94	1.54	21.87	48.64
GCT	83	26.82	1.70	23.58	47.90
GCT	84	26.31	0.85	23.53	49.31
GCT	85	27.50	0.80	24.29	47.41
GCT	86	27.42	1.02	22.39	49.17
GCT	87	27.63	1.02	23.77	47.59
GCT	88	25.71	1.18	23.72	49.38
GCT	89	27.46	1.57	21.14	49.84
GCT	90	27.13	1.52	23.66	47.69
GCT	91	27.32	1.04	23.06	48.58
GCT	92	26.29	1.48	23.93	48.30
GCT	93	28.80	1.11	23.27	46.82
GCT	94	27.81	0.83	22.19	49.17
GCT	95	26.17	1.12	23.13	49.58
GCT	96	26.95	0.91	24.18	47.96
GCT	97	26.26	0.75	22.39	50.61
GCT	98	23.78	1.14	22.58	52.49
GCT	99	19.93	1.13	22.20	56.73
GCT	100	0.00	2.42	20.29	77.29
# ACGT content per cycle for first fragments. Use `grep ^FBC | cut -f 2-` to extract this part. The columns are: cycle; A,C,G,T base counts as a percentage of all A/C/G/T bases [%]; and N and O counts as a percentage of all A/C/G/T bases [%]
FBC	1	34.34	5.82	15.66	44.18	0.10	0.00
FBC	2	32.03	7.45	19.96	40.57	0.00	0.00
FBC	3	31.23	6.55	18.12	44.09	0.00	0.00
FBC	4	31.33	6.41	19.36	42.90	0.00	0.00
FBC	5	31.94	5.81	19.47	42.77	0.05	0.00
FBC	6	31.58	6.36	18.57	43.50	0.00	0.00
FBC	7	30.24	5.71	19.12	44.94	0.00	0.00
FBC	8	32.62	6.11	16.43	44.84	0.00	0.00
FBC	9	31.33	5.96	18.77	43.94	0.00	0.00
FBC	10	30.64	6.16	17.83	45.38	0.00	0.00
FBC	11	33.96	4.87	16.93	44.24	0.00	0.00
FBC	12	32.13	5.11	18.17	44.59	0.00	0.00
FBC	13	32.77	5.56	16.63	45.03	0.00	0.00
FBC	14	31.48	6.31	17.92	44.29	0.00	0.00
FBC	15	31.68	5.91	18.47	43.94	0.00	0.00
FBC	16	31.33	6.50	18.17	43.99	0.00	0.00
FBC	17	30.78	6.41	18.32	44.49	0.00	0.00
FBC	18	29.84	5.91	18.37	45.88	0.00	0.00
FBC	19	30.19	5.86	19.22	44.74	0.00	0.00
FBC	20	32.92	5.86	19.46	41.76	0.00	0.00
FBC	21	31.63	5.66	18.17	44.54	0.00	0.00
FBC	22	32.13	6.16	17.63	44.09	0.00	0.00
FBC	23	32.32	6.06	19.61	42.01	0.00	0.00
FBC	24	31.58	5.66	18.27	44.49	0.00	0.00
FBC	25	30.85	6.76	18.03	44.36	0.05	0.00
FBC	26	31.38	6.95	19.17	42.50	0.00	0.00
FBC	27	34.41	5.36	18.57	41.66	0.00	0.00
FBC	28	31.38	5.21	18.87	44.54	0.00	0.00
FBC	29	31.48	6.85	18.42	43.25	0.00	0.00
FBC	30	31.68	5.96	19.96	42.40	0.00	0.00
FBC	31	31.15	6.11	18.18	44.56	0.00	0.00
FBC	32	31.16	6.21	19.38	43.24	0.00	0.00
FBC	33	32.82	6.91	19.19	41.07	0.00	0.00
FBC	34	31.39	6.12	19.35	43.13	0.00	0.00
FBC	35	31.26	5.48	18.42	44.85	0.00	0.00
FBC	36	30.79	7.67	18.88	42.65	0.05	0.00
FBC	37	30.72	6.04	18.98	44.26	0.05	0.00
FBC	38	30.50	7.10	17.65	44.75	0.00	0.00
FBC	39	32.03	6.16	19.07	42.74	0.00	0.00
FBC	40	31.29	5.93	18.73	44.05	0.00	0.00
FBC	41	32.61	5.73	18.69	42.96	0.00	0.00
FBC	42	32.53	6.39	19.66	41.43	0.00	0.00
FBC	43	31.69	5.23	19.87	43.21	0.00	0.00
FBC	44	32.21	6.05	17.54	44.20	0.00	0.00
FBC	45	30.94	5.50	18.73	44.83	0.00	0.00
FBC	46	33.47	6.01	18.83	41.70	0.00	0.00
FBC	47	33.27	6.42	15.77	44.54	0.00	0.00
FBC	48	33.11	5.77	18.53	42.58	0.00	0.00
FBC	49	30.34	6.84	17.78	45.04	0.00	0.00
FBC	50	31.10	5.88	17.83	45.19	0.00	0.00
FBC	51	31.21	5.57	17.88	45.34	0.00	0.00
FBC	52	31.97	6.18	18.69	43.16	0.00	0.00
FBC	53	31.19	6.74	17.60	44.47	0.00	0.00
FBC	54	31.93	6.35	19.52	42.20	0.00	0.00
FBC	55	29.65	6.21	18.97	45.17	0.00	0.00
FBC	56	30.02	6.32	18.65	45.01	0.00	0.00
FBC	57	31.36	6.22	19.33	43.09	0.05	0.00
FBC	58	30.75	6.17	18.97	44.11	0.05	0.00
FBC	59	33.35	6.55	18.11	41.99	0.10	0.00
FBC	60	30.74	6.04	19.95	43.27	0.05	0.00
FBC	61	30.60	5.54	19.32	44.54	0.00	0.00
FBC	62	31.45	6.26	19.14	43.15	0.00	0.00
FBC	63	32.41	5.08	19.11	43.40	0.00	0.00
FBC	64	29.21	6.85	17.16	46.78	0.00	0.00
FBC	65	30.40	6.23	17.98	45.39	0.00	0.00
FBC	66	29.89	6.76	17.66	45.69	0.00	0.00
FBC	67	33.20	5.58	17.63	43.59	0.00	0.00
FBC	68	33.18	5.70	18.30	42.82	0.00	0.00
FBC	69	33.26	5.60	19.15	41.98	0.00	0.00
FBC	70	33.71	5.35	19.69	41.25	0.00	0.00
FBC	71	32.38	5.87	18.97	42.78	0.00	0.00
FBC	72	33.28	5.42	18.59	42.71	0.00	0.00
FBC	73	32.06	5.59	18.22	44.13	0.00	0.00
FBC	74	33.23	5.55	18.52	42.70	0.00	0.00
FBC	75	33.51	5.56	18.41	42.53	0.00	0.00
FBC	76	30.73	6.38	19.45	43.44	0.00	0.00
FBC	77	34.07	6.12	18.78	41.03	0.00	0.00
FBC	78	31.20	6.50	18.19	44.10	0.00	0.00
FBC	79	32.06	5.77	18.94	43.23	0.00	0.00
FBC	80	31.97	5.36	18.72	43.96	0.11	0.00
FBC	81	32.41	5.21	19.34	43.04	0.11	0.00
FBC	82	34.27	5.75	17.67	42.31	0.11	0.00
FBC	83	33.00	6.39	18.89	41.72	0.00	0.00
FBC	84	30.84	5.02	19.37	44.77	0.00	0.00
FBC	85	32.30	5.61	19.49	42.61	0.00	0.00
FBC	86	32.30	5.52	17.89	44.30	0.00	0.00
FBC	87	32.14	6.17	18.62	43.08	0.00	0.00
FBC	88	31.09	5.86	19.04	44.00	0.00	0.00
FBC	89	31.73	6.22	16.49	45.57	0.00	0.00
FBC	90	32.07	5.86	19.32	42.76	0.00	0.00
FBC	91	31.08	6.00	18.10	44.82	0.00	0.00
FBC	92	30.57	6.59	18.83	44.02	0.00	0.00
FBC	93	31.18	5.53	18.85	44.44	0.00	0.00
FBC	94	32.04	6.45	16.57	44.94	0.00	0.00
FBC	95	29.53	6.29	17.97	46.21	0.00	0.00
FBC	96	32.28	6.23	18.86	42.64	0.00	0.00
FBC	97	32.89	5.60	17.54	43.97	0.00	0.00
FBC	98	30.15	5.53	18.20	46.13	0.00	0.00
FBC	99	28.80	6.00	17.33	47.87	0.00	0.00
FBC	100	17.10	6.96	15.75	60.19	0.00	0.00
# ACGT raw counters for first fragments. Use `grep ^FTC | cut -f 2-` to extract this part. The columns are: A,C,G,T,N base counters
FTC	61360	11681	35811	84909	17
# ACGT content per cycle for last fragments. Use `grep ^LBC | cut -f 2-` to extract this part. The columns are: cycle; A,C,G,T base counts as a percentage of all A/C/G/T bases [%]; and N and O counts as a percentage of all A/C/G/T bases [%]
# ACGT raw counters for last fragments. Use `grep ^LTC | cut -f 2-` to extract this part. The columns are: A,C,G,T,N base counters
LTC	0	0	0	0	0
# Insert sizes. Use `grep ^IS | cut -f 2-` to extract this part. The columns are: insert size, pairs total, inward oriented pairs, outward oriented pairs, other pairs
# Read lengths. Use `grep ^RL | cut -f 2-` to extract this part. The columns are: read length, count
RL	30	1
RL	31	1
RL	32	1
RL	33	1
RL	34	1
RL	35	1
RL	36	5
RL	37	3
RL	38	2
RL	39	7
RL	40	1
RL	41	1
RL	42	1
RL	43	4
RL	44	3
RL	46	3
RL	47	3
RL	48	1
RL	52	2
RL	53	5
RL	54	1
RL	55	4
RL	58	5
RL	59	1
RL	60	5
RL	61	2
RL	62	2
RL	63	6
RL	65	4
RL	66	3
RL	67	5
RL	68	2
RL	69	2
RL	70	1
RL	71	4
RL	72	5
RL	73	4
RL	74	4
RL	75	10
RL	76	1
RL	77	5
RL	78	1
RL	79	2
RL	80	4
RL	81	3
RL	82	2
RL	83	5
RL	84	1
RL	85	6
RL	86	3
RL	87	5
RL	88	9
RL	89	7
RL	90	9
RL	91	12
RL	92	13
RL	93	11
RL	94	17
RL	95	15
RL	96	33
RL	97	68
RL	98	165
RL	99	465
RL	100	1035
# Read lengths - first fragments. Use `grep ^FRL | cut -f 2-` to extract this part. The columns are: read length, count
FRL	30	1
FRL	31	1
FRL	32	1
FRL	33	1
FRL	34	1
FRL	35	1
FRL	36	5
FRL	37	3
FRL	38	2
FRL	39	7
FRL	40	1
FRL	41	1
FRL	42	1
FRL	43	4
FRL	44	3
FRL	46	3
FRL	47	3
FRL	48	1
FRL	52	2
FRL	53	5
FRL	54	1
FRL	55	4
FRL	58	5
FRL	59	1
FRL	60	5
FRL	61	2
FRL	62	2
FRL	63	6
FRL	65	4
FRL	66	3
FRL	67	5
FRL	68	2
FRL	69	2
FRL	70	1
FRL	71	4
FRL	72	5
FRL	73	4
FRL	74	4
FRL	75	10
FRL	76	1
FRL	77	5
FRL	78	1
FRL	79	2
FRL	80	4
FRL	81	3
FRL	82	2
FRL	83	5
FRL	84	1
FRL	85	6
FRL	86	3
FRL	87	5
FRL	88	9
FRL	89	7
FRL	90	9
FRL	91	12
FRL	92	13
FRL	93	11
FRL	94	17
FRL	95	15
FRL	96	33
FRL	97	68
FRL	98	165
FRL	99	465
FRL	100	1035
# Read lengths - last fragments. Use `grep ^LRL | cut -f 2-` to extract this part. The columns are: read length, count
# Indel distribution. Use `grep ^ID | cut -f 2-` to extract this part. The columns are: length, number of insertions, number of deletions
# Indels per cycle. Use `grep ^IC | cut -f 2-` to extract this part. The columns are: cycle, number of insertions (fwd), .. (rev) , number of deletions (fwd), .. (rev)
# Coverage distribution. Use `grep ^COV | cut -f 2-` to extract this part.
COV	[1-1]	1	12
COV	[2-2]	2	24
COV	[3-3]	3	20
COV	[4-4]	4	25
COV	[5-5]	5	41
COV	[6-6]	6	64
COV	[7-7]	7	118
COV	[8-8]	8	200
COV	[9-9]	9	215
COV	[10-10]	10	281
COV	[11-11]	11	264
COV	[12-12]	12	268
COV	[13-13]	13	275
COV	[14-14]	14	317
COV	[15-15]	15	319
COV	[16-16]	16	217
COV	[17-17]	17	214
COV	[18-18]	18	233
COV	[19-19]	19	317
COV	[20-20]	20	246
COV	[21-21]	21	260
COV	[22-22]	22	181
COV	[23-23]	23	150
COV	[24-24]	24	100
COV	[25-25]	25	93
COV	[26-26]	26	90
COV	[27-27]	27	74
COV	[28-28]	28	64
COV	[29-29]	29	45
COV	[30-30]	30	17
COV	[31-31]	31	27
COV	[32-32]	32	6
COV	[33-33]	33	11
COV	[34-34]	34	2
COV	[35-35]	35	3
# GC-depth. Use `grep ^GCD | cut -f 2-` to extract this part. The columns are: GC%, unique sequence percentiles, 10th, 25th, 50th, 75th and 90th depth percentile
GCD	0.0	100.000	0.000	0.000	0.000	0.000	0.000
