(di-)nucleotide	count sample	percent sample	count genomic	percent genomic	coverage
A	19749	26.12	2642	24.51	7.475
C	18289	24.19	2490	23.10	7.345
G	18369	24.29	2796	25.94	6.570
T	19213	25.41	2851	26.45	6.739
AA	5747	7.68	661	6.13	8.694
AC	3705	4.95	501	4.65	7.395
AG	5675	7.58	862	8.00	6.584
AT	4550	6.08	618	5.73	7.362
CA	6129	8.19	818	7.59	7.493
CC	5205	6.96	680	6.31	7.654
CG	1154	1.54	151	1.40	7.642
CT	5522	7.38	841	7.80	6.566
GA	4826	6.45	756	7.01	6.384
GC	4480	5.99	604	5.60	7.417
GG	5447	7.28	854	7.92	6.378
GT	3455	4.62	581	5.39	5.947
TA	2808	3.75	407	3.78	6.899
TC	4704	6.29	704	6.53	6.682
TG	5924	7.92	929	8.62	6.377
TT	5498	7.35	811	7.52	6.779
